Product_Weight,Product_Sugar_Content,Product_Allocated_Area,Product_Type,Product_MRP,Store_Size,Store_Location_City_Type,Store_Type,Store_Age
13.64,No Sugar,0.071,Household,157.1,Medium,Tier 2,Supermarket Type2,17
10.03,Low Sugar,0.016,Frozen Foods,126.66,High,Tier 2,Supermarket Type1,39
12.26,Low Sugar,0.14,Snack Foods,138.27,Medium,Tier 2,Supermarket Type2,17
10.28,Low Sugar,0.143,Canned,147.44,Medium,Tier 2,Supermarket Type2,17
16.38,Low Sugar,0.082,Baking Goods,205.16,Medium,Tier 1,Departmental Store,27
13.37,Low Sugar,0.113,Baking Goods,137.21,Medium,Tier 2,Supermarket Type2,17
11.8,reg,0.029,Breads,144.64,Medium,Tier 2,Supermarket Type2,17
9.61,Low Sugar,0.026,Snack Foods,161.79,Medium,Tier 2,Supermarket Type2,17
11.98,Low Sugar,0.086,Fruits and Vegetables,125.08,Medium,Tier 2,Supermarket Type2,17
11.5,Low Sugar,0.039,Dairy,159.66,Medium,Tier 2,Supermarket Type2,17
12.66,Regular,0.153,Canned,151.92,Medium,Tier 2,Supermarket Type2,17
9.18,Regular,0.171,Dairy,115.82,Small,Tier 3,Food Mart,28
13.61,No Sugar,0.03,Household,146.14,Medium,Tier 2,Supermarket Type2,17
13.18,No Sugar,0.059,Health and Hygiene,178.63,Medium,Tier 1,Departmental Store,27
13.18,Low Sugar,0.056,Fruits and Vegetables,164.71,Medium,Tier 2,Supermarket Type2,17
10.56,Regular,0.012,Baking Goods,131.37,Medium,Tier 2,Supermarket Type2,17
15.45,No Sugar,0.036,Household,166.22,Medium,Tier 1,Departmental Store,27
15.4,Low Sugar,0.128,Fruits and Vegetables,177.14,High,Tier 2,Supermarket Type1,39
13.89,Low Sugar,0.047,Meat,153.26,Medium,Tier 2,Supermarket Type2,17
13.31,Low Sugar,0.1,Snack Foods,160.34,Medium,Tier 2,Supermarket Type2,17
10.43,Regular,0.077,Snack Foods,119.8,Medium,Tier 1,Departmental Store,27
12.73,Low Sugar,0.056,Fruits and Vegetables,144.22,Medium,Tier 2,Supermarket Type2,17
10.95,Low Sugar,0.027,Frozen Foods,120.35,Medium,Tier 2,Supermarket Type2,17
13.64,Regular,0.016,Dairy,155.99,Medium,Tier 2,Supermarket Type2,17
13.7,No Sugar,0.016,Health and Hygiene,136.46,Medium,Tier 2,Supermarket Type2,17
12.74,Regular,0.025,Snack Foods,121.39,Medium,Tier 2,Supermarket Type2,17
16.86,Low Sugar,0.061,Fruits and Vegetables,217.5,Medium,Tier 1,Departmental Store,27
11.69,Low Sugar,0.076,Frozen Foods,141.63,Medium,Tier 2,Supermarket Type2,17
11.76,Low Sugar,0.124,Frozen Foods,185.36,High,Tier 2,Supermarket Type1,39
12.78,Low Sugar,0.058,Snack Foods,181.08,High,Tier 2,Supermarket Type1,39
18.01,No Sugar,0.012,Health and Hygiene,229.54,Medium,Tier 1,Departmental Store,27
9.99,Low Sugar,0.04,Hard Drinks,97.16,Small,Tier 3,Food Mart,28
10.09,No Sugar,0.02,Household,116.0,Small,Tier 3,Food Mart,28
11.0,Regular,0.078,Soft Drinks,167.49,Medium,Tier 2,Supermarket Type2,17
9.5,Low Sugar,0.05,Fruits and Vegetables,80.23,Small,Tier 3,Food Mart,28
13.61,Regular,0.056,Fruits and Vegetables,135.29,Medium,Tier 2,Supermarket Type2,17
12.14,Low Sugar,0.09,Baking Goods,95.05,Small,Tier 3,Food Mart,28
11.73,Regular,0.048,Soft Drinks,122.21,Medium,Tier 2,Supermarket Type2,17
15.2,Low Sugar,0.013,Baking Goods,164.09,Medium,Tier 1,Departmental Store,27
14.23,Regular,0.057,Soft Drinks,156.52,High,Tier 2,Supermarket Type1,39
12.95,Regular,0.114,Baking Goods,134.98,Medium,Tier 2,Supermarket Type2,17
13.13,Regular,0.095,Snack Foods,116.75,Medium,Tier 2,Supermarket Type2,17
12.83,Low Sugar,0.011,Dairy,150.54,Medium,Tier 2,Supermarket Type2,17
10.84,Low Sugar,0.049,Meat,124.93,Small,Tier 3,Food Mart,28
10.92,Low Sugar,0.052,Fruits and Vegetables,100.26,Small,Tier 3,Food Mart,28
13.68,Low Sugar,0.022,Canned,169.62,High,Tier 2,Supermarket Type1,39
13.02,No Sugar,0.02,Health and Hygiene,136.03,Medium,Tier 2,Supermarket Type2,17
11.73,Low Sugar,0.128,Soft Drinks,137.31,Medium,Tier 2,Supermarket Type2,17
13.31,Low Sugar,0.066,Fruits and Vegetables,162.29,Medium,Tier 2,Supermarket Type2,17
11.68,Regular,0.142,Fruits and Vegetables,142.45,Medium,Tier 2,Supermarket Type2,17
11.73,Low Sugar,0.144,Canned,164.52,Medium,Tier 2,Supermarket Type2,17
12.28,No Sugar,0.012,Household,206.85,High,Tier 2,Supermarket Type1,39
10.86,Low Sugar,0.058,Snack Foods,161.79,Medium,Tier 2,Supermarket Type2,17
11.77,Low Sugar,0.025,Dairy,152.22,Medium,Tier 1,Departmental Store,27
17.11,Regular,0.065,Snack Foods,180.36,Medium,Tier 1,Departmental Store,27
11.49,reg,0.11,Snack Foods,135.98,Medium,Tier 2,Supermarket Type2,17
13.31,Regular,0.074,Snack Foods,134.89,Medium,Tier 2,Supermarket Type2,17
10.89,Regular,0.142,Frozen Foods,112.77,High,Tier 2,Supermarket Type1,39
15.26,Low Sugar,0.168,Baking Goods,173.03,High,Tier 2,Supermarket Type1,39
8.27,No Sugar,0.075,Health and Hygiene,156.11,Medium,Tier 2,Supermarket Type2,17
14.88,Regular,0.099,Canned,146.81,Medium,Tier 2,Supermarket Type2,17
12.44,Low Sugar,0.093,Dairy,137.86,Small,Tier 3,Food Mart,28
12.44,Low Sugar,0.061,Canned,137.09,Medium,Tier 2,Supermarket Type2,17
12.32,Regular,0.032,Soft Drinks,181.1,High,Tier 2,Supermarket Type1,39
18.12,Low Sugar,0.031,Dairy,202.1,Medium,Tier 1,Departmental Store,27
13.21,Low Sugar,0.059,Soft Drinks,151.87,Medium,Tier 2,Supermarket Type2,17
7.72,Low Sugar,0.07,Fruits and Vegetables,123.45,Small,Tier 3,Food Mart,28
11.8,No Sugar,0.046,Household,164.82,Medium,Tier 2,Supermarket Type2,17
14.19,Low Sugar,0.08,Fruits and Vegetables,143.34,Medium,Tier 2,Supermarket Type2,17
13.09,Low Sugar,0.112,Soft Drinks,123.09,Medium,Tier 2,Supermarket Type2,17
12.01,Regular,0.019,Canned,134.17,Medium,Tier 2,Supermarket Type2,17
15.55,Low Sugar,0.054,Frozen Foods,175.65,High,Tier 2,Supermarket Type1,39
14.84,Low Sugar,0.064,Dairy,135.55,Medium,Tier 2,Supermarket Type2,17
12.04,No Sugar,0.064,Health and Hygiene,99.19,High,Tier 2,Supermarket Type1,39
17.15,Low Sugar,0.094,Baking Goods,182.91,Medium,Tier 1,Departmental Store,27
9.77,Low Sugar,0.03,Dairy,132.65,Medium,Tier 2,Supermarket Type2,17
9.88,Low Sugar,0.032,Snack Foods,142.22,Medium,Tier 2,Supermarket Type2,17
11.85,Low Sugar,0.137,Breads,172.17,Medium,Tier 2,Supermarket Type2,17
15.83,Low Sugar,0.065,Frozen Foods,180.77,High,Tier 2,Supermarket Type1,39
10.71,Regular,0.066,Canned,118.97,High,Tier 2,Supermarket Type1,39
11.45,Low Sugar,0.034,Dairy,133.9,Medium,Tier 2,Supermarket Type2,17
10.09,Low Sugar,0.038,Frozen Foods,129.34,Medium,Tier 2,Supermarket Type2,17
10.15,No Sugar,0.016,Household,104.0,Small,Tier 3,Food Mart,28
14.76,No Sugar,0.161,Household,188.48,High,Tier 2,Supermarket Type1,39
13.89,Low Sugar,0.016,Breads,143.01,Medium,Tier 2,Supermarket Type2,17
14.53,Low Sugar,0.092,Breads,218.91,Medium,Tier 1,Departmental Store,27
12.68,Low Sugar,0.017,Snack Foods,102.94,Medium,Tier 2,Supermarket Type2,17
13.48,Regular,0.129,Frozen Foods,142.83,Medium,Tier 2,Supermarket Type2,17
12.41,No Sugar,0.042,Health and Hygiene,166.09,Medium,Tier 2,Supermarket Type2,17
9.82,Low Sugar,0.045,Baking Goods,128.34,High,Tier 2,Supermarket Type1,39
10.3,Low Sugar,0.116,Soft Drinks,130.39,Medium,Tier 2,Supermarket Type2,17
13.14,Regular,0.034,Frozen Foods,97.35,Medium,Tier 2,Supermarket Type2,17
11.92,Regular,0.031,Dairy,138.42,Small,Tier 3,Food Mart,28
10.94,Low Sugar,0.138,Dairy,121.01,Medium,Tier 2,Supermarket Type2,17
11.65,Low Sugar,0.058,Fruits and Vegetables,135.76,Medium,Tier 2,Supermarket Type2,17
11.48,Low Sugar,0.122,Dairy,153.27,Medium,Tier 2,Supermarket Type2,17
11.72,Low Sugar,0.022,Meat,133.1,Medium,Tier 2,Supermarket Type2,17
15.11,No Sugar,0.014,Health and Hygiene,176.72,High,Tier 2,Supermarket Type1,39
13.67,Low Sugar,0.028,Frozen Foods,141.51,Medium,Tier 2,Supermarket Type2,17
10.8,No Sugar,0.07,Health and Hygiene,135.13,Medium,Tier 2,Supermarket Type2,17
15.97,Low Sugar,0.011,Meat,169.76,High,Tier 2,Supermarket Type1,39
13.57,reg,0.044,Dairy,121.38,Medium,Tier 2,Supermarket Type2,17
16.24,Low Sugar,0.032,Fruits and Vegetables,196.44,Medium,Tier 1,Departmental Store,27
14.3,Low Sugar,0.076,Dairy,159.21,High,Tier 2,Supermarket Type1,39
14.4,Low Sugar,0.021,Dairy,174.68,Medium,Tier 1,Departmental Store,27
12.26,No Sugar,0.159,Household,124.22,Medium,Tier 2,Supermarket Type2,17
12.71,Low Sugar,0.18,Fruits and Vegetables,183.54,Medium,Tier 1,Departmental Store,27
16.09,Regular,0.138,Fruits and Vegetables,161.68,High,Tier 2,Supermarket Type1,39
7.11,Low Sugar,0.065,Frozen Foods,96.54,Small,Tier 3,Food Mart,28
13.08,Low Sugar,0.128,Meat,146.35,Medium,Tier 2,Supermarket Type2,17
9.2,Low Sugar,0.081,Snack Foods,108.37,Small,Tier 3,Food Mart,28
16.15,Regular,0.185,Canned,168.51,High,Tier 2,Supermarket Type1,39
13.44,Low Sugar,0.011,Hard Drinks,153.62,Medium,Tier 2,Supermarket Type2,17
11.99,Regular,0.081,Dairy,122.18,Medium,Tier 2,Supermarket Type2,17
12.58,Regular,0.174,Frozen Foods,110.83,Medium,Tier 2,Supermarket Type2,17
10.85,Regular,0.111,Soft Drinks,102.41,Small,Tier 3,Food Mart,28
13.73,Low Sugar,0.027,Fruits and Vegetables,157.0,Medium,Tier 2,Supermarket Type2,17
14.94,Low Sugar,0.098,Canned,132.02,Medium,Tier 2,Supermarket Type2,17
12.33,Regular,0.16,Meat,111.53,Medium,Tier 2,Supermarket Type2,17
17.33,No Sugar,0.038,Health and Hygiene,195.06,Medium,Tier 1,Departmental Store,27
13.51,Low Sugar,0.047,Baking Goods,144.06,Medium,Tier 2,Supermarket Type2,17
11.49,Low Sugar,0.06,Dairy,94.19,Small,Tier 3,Food Mart,28
10.1,Low Sugar,0.006,Fruits and Vegetables,117.76,Small,Tier 3,Food Mart,28
13.75,Low Sugar,0.038,Snack Foods,150.43,Medium,Tier 2,Supermarket Type2,17
14.52,Regular,0.019,Baking Goods,214.98,Medium,Tier 1,Departmental Store,27
13.45,Regular,0.106,Baking Goods,141.05,Medium,Tier 2,Supermarket Type2,17
11.47,Low Sugar,0.058,Meat,178.4,Medium,Tier 2,Supermarket Type2,17
16.03,Low Sugar,0.064,Meat,194.26,Medium,Tier 1,Departmental Store,27
19.82,Low Sugar,0.014,Canned,210.94,Small,Tier 3,Food Mart,28
11.74,No Sugar,0.026,Household,123.21,Medium,Tier 2,Supermarket Type2,17
15.79,Low Sugar,0.069,Canned,144.12,High,Tier 2,Supermarket Type1,39
14.77,Low Sugar,0.077,Starchy Foods,187.72,High,Tier 2,Supermarket Type1,39
13.7,Low Sugar,0.07,Snack Foods,183.45,Medium,Tier 1,Departmental Store,27
13.06,Regular,0.191,Snack Foods,151.96,Medium,Tier 2,Supermarket Type2,17
12.95,No Sugar,0.085,Household,107.38,Medium,Tier 2,Supermarket Type2,17
13.04,Low Sugar,0.028,Breads,126.64,Medium,Tier 1,Departmental Store,27
13.05,Regular,0.014,Frozen Foods,169.41,High,Tier 2,Supermarket Type1,39
14.77,No Sugar,0.041,Others,130.2,Medium,Tier 1,Departmental Store,27
14.32,Regular,0.03,Frozen Foods,194.4,High,Tier 2,Supermarket Type1,39
11.54,Regular,0.071,Soft Drinks,107.03,High,Tier 2,Supermarket Type1,39
16.12,No Sugar,0.12,Health and Hygiene,175.82,High,Tier 2,Supermarket Type1,39
15.27,Regular,0.082,Soft Drinks,144.22,Medium,Tier 2,Supermarket Type2,17
11.77,Regular,0.068,Canned,140.05,Medium,Tier 2,Supermarket Type2,17
10.85,Regular,0.066,Baking Goods,143.92,Medium,Tier 2,Supermarket Type2,17
11.01,Low Sugar,0.147,Fruits and Vegetables,92.24,Small,Tier 3,Food Mart,28
10.55,Regular,0.08,Snack Foods,94.69,Small,Tier 3,Food Mart,28
8.49,Low Sugar,0.083,Snack Foods,133.15,Small,Tier 3,Food Mart,28
9.75,Low Sugar,0.009,Snack Foods,116.15,Small,Tier 3,Food Mart,28
14.54,Low Sugar,0.128,Dairy,175.77,Medium,Tier 1,Departmental Store,27
15.98,Low Sugar,0.106,Snack Foods,169.63,High,Tier 2,Supermarket Type1,39
12.4,Regular,0.086,Fruits and Vegetables,187.48,Medium,Tier 1,Departmental Store,27
9.77,Low Sugar,0.055,Canned,139.51,Medium,Tier 2,Supermarket Type2,17
11.14,Regular,0.016,Canned,109.91,High,Tier 2,Supermarket Type1,39
13.81,No Sugar,0.013,Health and Hygiene,170.97,Medium,Tier 1,Departmental Store,27
17.24,Low Sugar,0.034,Dairy,205.11,Medium,Tier 1,Departmental Store,27
11.48,Low Sugar,0.097,Canned,148.56,Medium,Tier 2,Supermarket Type2,17
13.08,No Sugar,0.052,Health and Hygiene,202.0,Medium,Tier 1,Departmental Store,27
8.34,Regular,0.024,Canned,125.95,Small,Tier 3,Food Mart,28
12.51,Low Sugar,0.043,Dairy,102.78,Medium,Tier 2,Supermarket Type2,17
14.74,Regular,0.083,Soft Drinks,167.42,Medium,Tier 1,Departmental Store,27
14.14,No Sugar,0.064,Household,119.88,Medium,Tier 2,Supermarket Type2,17
13.21,Low Sugar,0.067,Snack Foods,157.8,Medium,Tier 2,Supermarket Type2,17
13.77,Low Sugar,0.107,Breakfast,130.94,Medium,Tier 2,Supermarket Type2,17
12.82,Regular,0.184,Baking Goods,133.98,Medium,Tier 2,Supermarket Type2,17
12.02,Low Sugar,0.163,Fruits and Vegetables,123.66,Medium,Tier 2,Supermarket Type2,17
14.08,Low Sugar,0.047,Dairy,133.08,Medium,Tier 2,Supermarket Type2,17
11.72,Low Sugar,0.054,Snack Foods,143.43,Medium,Tier 2,Supermarket Type2,17
13.68,Low Sugar,0.041,Hard Drinks,196.53,High,Tier 2,Supermarket Type1,39
13.28,Low Sugar,0.084,Meat,148.86,Medium,Tier 2,Supermarket Type2,17
9.64,No Sugar,0.03,Household,141.23,Medium,Tier 2,Supermarket Type2,17
12.1,Low Sugar,0.12,Baking Goods,126.21,Medium,Tier 2,Supermarket Type2,17
10.33,Low Sugar,0.047,Snack Foods,133.86,Medium,Tier 2,Supermarket Type2,17
7.13,Low Sugar,0.074,Frozen Foods,83.24,Small,Tier 3,Food Mart,28
12.48,Regular,0.214,Dairy,105.0,Medium,Tier 2,Supermarket Type2,17
12.24,Low Sugar,0.136,Fruits and Vegetables,147.39,Medium,Tier 2,Supermarket Type2,17
12.54,Low Sugar,0.023,Fruits and Vegetables,178.97,High,Tier 2,Supermarket Type1,39
8.87,Low Sugar,0.088,Baking Goods,113.03,Small,Tier 3,Food Mart,28
12.18,Low Sugar,0.097,Breads,137.39,Medium,Tier 2,Supermarket Type2,17
12.17,Low Sugar,0.059,Meat,177.83,Medium,Tier 2,Supermarket Type2,17
11.92,Low Sugar,0.028,Snack Foods,176.11,Medium,Tier 2,Supermarket Type2,17
10.92,Regular,0.031,Dairy,110.63,High,Tier 2,Supermarket Type1,39
13.34,Low Sugar,0.093,Meat,124.78,Medium,Tier 1,Departmental Store,27
11.31,Low Sugar,0.152,Canned,146.11,Medium,Tier 2,Supermarket Type2,17
10.66,Low Sugar,0.174,Starchy Foods,141.0,Medium,Tier 2,Supermarket Type2,17
12.88,Regular,0.026,Baking Goods,89.6,High,Tier 2,Supermarket Type1,39
11.01,Regular,0.117,Frozen Foods,114.6,High,Tier 2,Supermarket Type1,39
11.59,Regular,0.015,Frozen Foods,136.89,Medium,Tier 2,Supermarket Type2,17
14.02,Low Sugar,0.129,Canned,112.36,Medium,Tier 2,Supermarket Type2,17
15.23,Low Sugar,0.047,Soft Drinks,158.9,Medium,Tier 1,Departmental Store,27
15.03,Low Sugar,0.066,Dairy,117.04,Medium,Tier 2,Supermarket Type2,17
12.47,Low Sugar,0.035,Soft Drinks,147.92,Medium,Tier 2,Supermarket Type2,17
9.37,Low Sugar,0.049,Soft Drinks,94.63,Small,Tier 3,Food Mart,28
15.12,Regular,0.058,Frozen Foods,133.4,Medium,Tier 2,Supermarket Type2,17
12.88,Low Sugar,0.044,Snack Foods,98.09,Medium,Tier 2,Supermarket Type2,17
15.52,Low Sugar,0.053,Canned,173.65,High,Tier 2,Supermarket Type1,39
11.47,Regular,0.047,Dairy,130.27,Medium,Tier 2,Supermarket Type2,17
11.1,Low Sugar,0.053,Breads,122.31,Medium,Tier 2,Supermarket Type2,17
14.08,No Sugar,0.047,Household,173.2,Medium,Tier 1,Departmental Store,27
17.42,Low Sugar,0.027,Baking Goods,143.85,Small,Tier 3,Food Mart,28
15.14,Regular,0.031,Frozen Foods,166.7,Medium,Tier 1,Departmental Store,27
14.14,Regular,0.02,Dairy,147.81,Medium,Tier 2,Supermarket Type2,17
13.59,Low Sugar,0.069,Dairy,150.54,Medium,Tier 2,Supermarket Type2,17
11.52,No Sugar,0.066,Others,109.74,High,Tier 2,Supermarket Type1,39
13.7,No Sugar,0.116,Household,131.24,Medium,Tier 2,Supermarket Type2,17
9.2,Regular,0.15,Canned,84.37,Small,Tier 3,Food Mart,28
16.4,No Sugar,0.227,Health and Hygiene,158.93,High,Tier 2,Supermarket Type1,39
14.76,Low Sugar,0.033,Frozen Foods,145.42,Medium,Tier 2,Supermarket Type2,17
14.35,No Sugar,0.053,Household,173.04,Medium,Tier 1,Departmental Store,27
13.36,Regular,0.104,Baking Goods,109.88,Medium,Tier 2,Supermarket Type2,17
8.32,Low Sugar,0.084,Snack Foods,116.5,Small,Tier 3,Food Mart,28
12.23,Low Sugar,0.054,Fruits and Vegetables,152.83,Medium,Tier 2,Supermarket Type2,17
12.21,Low Sugar,0.205,Starchy Foods,142.68,Medium,Tier 2,Supermarket Type2,17
7.02,Regular,0.029,Baking Goods,50.42,Small,Tier 3,Food Mart,28
13.46,No Sugar,0.08,Household,148.75,Medium,Tier 2,Supermarket Type2,17
11.48,Low Sugar,0.107,Meat,112.69,High,Tier 2,Supermarket Type1,39
13.07,Low Sugar,0.045,Soft Drinks,161.18,Medium,Tier 2,Supermarket Type2,17
9.37,Low Sugar,0.068,Snack Foods,104.81,Small,Tier 3,Food Mart,28
10.46,Low Sugar,0.137,Baking Goods,117.84,High,Tier 2,Supermarket Type1,39
10.72,Regular,0.119,Canned,127.9,Medium,Tier 2,Supermarket Type2,17
14.42,Low Sugar,0.067,Baking Goods,181.17,High,Tier 2,Supermarket Type1,39
14.93,Low Sugar,0.083,Soft Drinks,189.03,High,Tier 2,Supermarket Type1,39
13.33,Regular,0.082,Dairy,135.39,Medium,Tier 2,Supermarket Type2,17
14.28,No Sugar,0.169,Health and Hygiene,160.97,High,Tier 2,Supermarket Type1,39
13.54,Low Sugar,0.1,Snack Foods,154.55,Medium,Tier 2,Supermarket Type2,17
14.82,Regular,0.03,Baking Goods,190.42,High,Tier 2,Supermarket Type1,39
10.02,Regular,0.132,Snack Foods,120.83,High,Tier 2,Supermarket Type1,39
12.78,Low Sugar,0.169,Snack Foods,152.33,Medium,Tier 2,Supermarket Type2,17
12.66,Regular,0.066,Fruits and Vegetables,117.41,Medium,Tier 2,Supermarket Type2,17
13.04,Low Sugar,0.058,Snack Foods,91.53,High,Tier 2,Supermarket Type1,39
10.54,reg,0.067,Canned,172.61,Medium,Tier 2,Supermarket Type2,17
14.91,Low Sugar,0.1,Meat,166.86,Medium,Tier 1,Departmental Store,27
11.43,Regular,0.065,Baking Goods,99.29,Small,Tier 3,Food Mart,28
8.81,Low Sugar,0.157,Snack Foods,167.03,Medium,Tier 2,Supermarket Type2,17
14.61,Low Sugar,0.093,Starchy Foods,147.49,Medium,Tier 2,Supermarket Type2,17
12.75,Regular,0.007,Snack Foods,146.47,Medium,Tier 2,Supermarket Type2,17
11.2,Regular,0.069,Snack Foods,124.4,Medium,Tier 2,Supermarket Type2,17
7.94,Low Sugar,0.012,Hard Drinks,131.06,Small,Tier 3,Food Mart,28
14.72,Regular,0.033,Snack Foods,183.18,High,Tier 2,Supermarket Type1,39
14.91,Regular,0.037,Snack Foods,182.95,High,Tier 2,Supermarket Type1,39
16.9,Low Sugar,0.122,Meat,243.98,Medium,Tier 1,Departmental Store,27
12.77,No Sugar,0.083,Health and Hygiene,175.12,High,Tier 2,Supermarket Type1,39
12.16,No Sugar,0.039,Household,124.07,Medium,Tier 2,Supermarket Type2,17
10.37,Low Sugar,0.024,Fruits and Vegetables,126.19,Medium,Tier 2,Supermarket Type2,17
14.34,Regular,0.021,Baking Goods,168.19,Medium,Tier 1,Departmental Store,27
13.28,No Sugar,0.073,Household,154.5,Medium,Tier 2,Supermarket Type2,17
16.1,Low Sugar,0.027,Meat,156.81,Medium,Tier 1,Departmental Store,27
16.66,Regular,0.04,Meat,203.88,Medium,Tier 1,Departmental Store,27
15.99,Low Sugar,0.038,Snack Foods,164.5,High,Tier 2,Supermarket Type1,39
14.27,Low Sugar,0.01,Snack Foods,184.71,High,Tier 2,Supermarket Type1,39
7.8,Low Sugar,0.036,Dairy,131.56,Small,Tier 3,Food Mart,28
18.29,Low Sugar,0.142,Meat,146.15,Medium,Tier 1,Departmental Store,27
10.76,Regular,0.017,Canned,174.58,Medium,Tier 2,Supermarket Type2,17
11.25,Regular,0.046,Baking Goods,191.85,High,Tier 2,Supermarket Type1,39
14.82,Low Sugar,0.027,Baking Goods,119.5,Medium,Tier 2,Supermarket Type2,17
10.9,Low Sugar,0.029,Dairy,131.3,Medium,Tier 2,Supermarket Type2,17
16.31,Low Sugar,0.076,Fruits and Vegetables,192.76,Medium,Tier 1,Departmental Store,27
16.73,Low Sugar,0.066,Dairy,166.21,High,Tier 2,Supermarket Type1,39
13.26,Low Sugar,0.037,Dairy,147.89,Medium,Tier 2,Supermarket Type2,17
11.25,Low Sugar,0.009,Snack Foods,142.24,Medium,Tier 2,Supermarket Type2,17
10.33,Regular,0.032,Snack Foods,159.28,Medium,Tier 2,Supermarket Type2,17
11.0,No Sugar,0.041,Health and Hygiene,124.52,Medium,Tier 2,Supermarket Type2,17
11.63,reg,0.045,Frozen Foods,139.5,Medium,Tier 2,Supermarket Type2,17
11.79,Low Sugar,0.144,Fruits and Vegetables,145.5,Medium,Tier 2,Supermarket Type2,17
14.62,Regular,0.086,Hard Drinks,153.14,High,Tier 2,Supermarket Type1,39
11.45,Regular,0.052,Baking Goods,154.54,Medium,Tier 2,Supermarket Type2,17
13.83,No Sugar,0.1,Health and Hygiene,134.77,Medium,Tier 2,Supermarket Type2,17
13.13,Regular,0.03,Frozen Foods,165.99,Medium,Tier 2,Supermarket Type2,17
12.74,No Sugar,0.085,Others,145.01,Medium,Tier 2,Supermarket Type2,17
10.32,Low Sugar,0.024,Meat,117.27,High,Tier 2,Supermarket Type1,39
9.16,Regular,0.018,Snack Foods,95.11,Small,Tier 3,Food Mart,28
16.64,Regular,0.015,Meat,172.08,Medium,Tier 1,Departmental Store,27
11.68,No Sugar,0.097,Health and Hygiene,129.87,Small,Tier 3,Food Mart,28
15.7,Low Sugar,0.154,Frozen Foods,180.84,High,Tier 2,Supermarket Type1,39
12.89,Low Sugar,0.059,Hard Drinks,148.99,Medium,Tier 2,Supermarket Type2,17
12.13,Regular,0.073,Dairy,136.15,Medium,Tier 2,Supermarket Type2,17
11.66,Low Sugar,0.055,Fruits and Vegetables,147.97,Medium,Tier 2,Supermarket Type2,17
15.62,Low Sugar,0.102,Snack Foods,200.97,Medium,Tier 1,Departmental Store,27
10.48,Low Sugar,0.169,Baking Goods,94.81,Small,Tier 3,Food Mart,28
15.56,Regular,0.03,Fruits and Vegetables,137.87,Medium,Tier 2,Supermarket Type2,17
12.66,Regular,0.115,Snack Foods,132.52,Medium,Tier 2,Supermarket Type2,17
15.19,Low Sugar,0.023,Canned,199.94,Medium,Tier 1,Departmental Store,27
15.47,Regular,0.07,Dairy,196.0,High,Tier 2,Supermarket Type1,39
14.53,Regular,0.14,Snack Foods,154.61,High,Tier 2,Supermarket Type1,39
9.14,Low Sugar,0.098,Fruits and Vegetables,117.87,Small,Tier 3,Food Mart,28
12.29,Low Sugar,0.047,Breakfast,123.19,Medium,Tier 2,Supermarket Type2,17
10.94,Low Sugar,0.051,Frozen Foods,133.62,Medium,Tier 2,Supermarket Type2,17
14.93,Low Sugar,0.085,Snack Foods,174.03,High,Tier 2,Supermarket Type1,39
13.41,Low Sugar,0.128,Canned,178.88,Medium,Tier 1,Departmental Store,27
10.31,Low Sugar,0.133,Meat,114.65,Small,Tier 3,Food Mart,28
11.53,Regular,0.083,Frozen Foods,158.53,Medium,Tier 2,Supermarket Type2,17
15.62,Low Sugar,0.038,Starchy Foods,125.82,Medium,Tier 2,Supermarket Type2,17
12.48,Low Sugar,0.066,Snack Foods,109.64,Medium,Tier 2,Supermarket Type2,17
14.24,Regular,0.108,Soft Drinks,161.97,High,Tier 2,Supermarket Type1,39
8.96,Regular,0.023,Hard Drinks,113.57,Small,Tier 3,Food Mart,28
11.69,Low Sugar,0.011,Canned,135.43,Medium,Tier 2,Supermarket Type2,17
10.63,Low Sugar,0.282,Snack Foods,96.15,Small,Tier 3,Food Mart,28
13.37,No Sugar,0.161,Health and Hygiene,163.02,Medium,Tier 2,Supermarket Type2,17
10.04,Low Sugar,0.162,Fruits and Vegetables,118.72,Small,Tier 3,Food Mart,28
10.62,Low Sugar,0.036,Snack Foods,195.34,Medium,Tier 2,Supermarket Type2,17
13.1,Low Sugar,0.035,Meat,119.36,Medium,Tier 2,Supermarket Type2,17
12.54,No Sugar,0.1,Health and Hygiene,217.78,High,Tier 2,Supermarket Type1,39
10.97,Low Sugar,0.045,Frozen Foods,117.36,High,Tier 2,Supermarket Type1,39
10.0,Regular,0.006,Baking Goods,160.82,Medium,Tier 2,Supermarket Type2,17
13.61,reg,0.082,Fruits and Vegetables,160.36,Medium,Tier 2,Supermarket Type2,17
12.58,Low Sugar,0.057,Fruits and Vegetables,119.09,Medium,Tier 2,Supermarket Type2,17
14.33,No Sugar,0.061,Health and Hygiene,138.52,Medium,Tier 2,Supermarket Type2,17
13.26,No Sugar,0.01,Health and Hygiene,180.65,Medium,Tier 1,Departmental Store,27
11.96,Regular,0.061,Soft Drinks,148.12,Medium,Tier 2,Supermarket Type2,17
16.96,Low Sugar,0.057,Canned,180.06,Medium,Tier 1,Departmental Store,27
9.83,Low Sugar,0.131,Dairy,92.19,Small,Tier 3,Food Mart,28
9.23,No Sugar,0.091,Health and Hygiene,145.85,Medium,Tier 2,Supermarket Type2,17
9.79,No Sugar,0.043,Household,99.46,Small,Tier 3,Food Mart,28
12.37,Regular,0.049,Baking Goods,94.72,High,Tier 2,Supermarket Type1,39
12.15,No Sugar,0.007,Household,169.98,Medium,Tier 2,Supermarket Type2,17
12.56,Low Sugar,0.038,Snack Foods,152.41,Medium,Tier 2,Supermarket Type2,17
11.5,Low Sugar,0.021,Baking Goods,131.1,Medium,Tier 2,Supermarket Type2,17
16.3,No Sugar,0.013,Household,170.94,High,Tier 2,Supermarket Type1,39
12.76,Low Sugar,0.032,Fruits and Vegetables,82.59,Small,Tier 3,Food Mart,28
13.35,No Sugar,0.149,Household,150.59,Medium,Tier 2,Supermarket Type2,17
16.4,Regular,0.11,Fruits and Vegetables,171.86,High,Tier 2,Supermarket Type1,39
13.73,Regular,0.137,Starchy Foods,120.67,Medium,Tier 2,Supermarket Type2,17
11.02,Low Sugar,0.027,Fruits and Vegetables,156.98,Medium,Tier 2,Supermarket Type2,17
13.18,Regular,0.028,Breads,156.32,Medium,Tier 2,Supermarket Type2,17
13.98,Regular,0.077,Fruits and Vegetables,176.77,Medium,Tier 1,Departmental Store,27
8.43,No Sugar,0.026,Health and Hygiene,137.92,High,Tier 2,Supermarket Type1,39
13.58,Regular,0.004,Canned,182.35,Medium,Tier 1,Departmental Store,27
14.34,Low Sugar,0.064,Frozen Foods,201.82,High,Tier 2,Supermarket Type1,39
11.61,Low Sugar,0.079,Baking Goods,101.77,Small,Tier 3,Food Mart,28
12.63,Low Sugar,0.024,Snack Foods,110.06,Medium,Tier 2,Supermarket Type2,17
10.54,No Sugar,0.02,Household,115.72,High,Tier 2,Supermarket Type1,39
14.46,Low Sugar,0.038,Hard Drinks,129.92,Medium,Tier 2,Supermarket Type2,17
15.22,Regular,0.015,Fruits and Vegetables,158.64,Medium,Tier 1,Departmental Store,27
15.09,Low Sugar,0.011,Snack Foods,151.69,High,Tier 2,Supermarket Type1,39
13.22,No Sugar,0.292,Household,195.82,High,Tier 2,Supermarket Type1,39
14.32,Regular,0.128,Fruits and Vegetables,149.82,Medium,Tier 2,Supermarket Type2,17
11.26,Low Sugar,0.08,Canned,161.09,Medium,Tier 2,Supermarket Type2,17
11.91,Regular,0.115,Fruits and Vegetables,121.68,Medium,Tier 2,Supermarket Type2,17
10.67,Low Sugar,0.079,Canned,124.92,Medium,Tier 2,Supermarket Type2,17
11.93,Low Sugar,0.048,Dairy,174.57,Medium,Tier 2,Supermarket Type2,17
14.5,Regular,0.067,Canned,194.8,High,Tier 2,Supermarket Type1,39
16.7,Low Sugar,0.099,Breads,131.03,High,Tier 2,Supermarket Type1,39
8.18,Low Sugar,0.073,Meat,106.54,Small,Tier 3,Food Mart,28
14.23,Regular,0.063,Meat,190.67,High,Tier 2,Supermarket Type1,39
13.58,No Sugar,0.077,Health and Hygiene,182.08,Medium,Tier 1,Departmental Store,27
20.35,Low Sugar,0.022,Snack Foods,156.56,Medium,Tier 1,Departmental Store,27
12.02,Low Sugar,0.041,Snack Foods,118.48,Medium,Tier 2,Supermarket Type2,17
12.97,Low Sugar,0.04,Dairy,165.45,Medium,Tier 2,Supermarket Type2,17
9.93,Low Sugar,0.041,Snack Foods,120.85,High,Tier 2,Supermarket Type1,39
12.22,Regular,0.064,Baking Goods,151.05,Medium,Tier 2,Supermarket Type2,17
13.37,Low Sugar,0.045,Soft Drinks,127.97,Medium,Tier 2,Supermarket Type2,17
13.07,No Sugar,0.036,Household,115.87,Medium,Tier 2,Supermarket Type2,17
11.65,Regular,0.154,Canned,157.84,Medium,Tier 2,Supermarket Type2,17
14.44,Low Sugar,0.036,Snack Foods,134.53,Medium,Tier 1,Departmental Store,27
10.72,Regular,0.083,Fruits and Vegetables,119.55,High,Tier 2,Supermarket Type1,39
14.62,Regular,0.119,Hard Drinks,199.73,High,Tier 2,Supermarket Type1,39
14.34,Low Sugar,0.033,Dairy,148.41,Medium,Tier 2,Supermarket Type2,17
15.68,Regular,0.104,Snack Foods,141.98,High,Tier 2,Supermarket Type1,39
12.2,Low Sugar,0.084,Fruits and Vegetables,134.65,Medium,Tier 2,Supermarket Type2,17
9.67,No Sugar,0.082,Household,104.08,Small,Tier 3,Food Mart,28
11.38,Low Sugar,0.026,Meat,117.21,Medium,Tier 2,Supermarket Type2,17
13.29,No Sugar,0.124,Health and Hygiene,174.98,High,Tier 2,Supermarket Type1,39
7.63,Low Sugar,0.077,Soft Drinks,128.77,Small,Tier 3,Food Mart,28
13.3,Regular,0.009,Fruits and Vegetables,158.76,Medium,Tier 2,Supermarket Type2,17
9.81,Low Sugar,0.05,Frozen Foods,156.67,Medium,Tier 2,Supermarket Type2,17
15.42,Regular,0.021,Frozen Foods,187.03,High,Tier 2,Supermarket Type1,39
10.97,Low Sugar,0.057,Snack Foods,163.96,Medium,Tier 2,Supermarket Type2,17
15.04,reg,0.024,Breads,196.19,High,Tier 2,Supermarket Type1,39
10.06,Low Sugar,0.031,Baking Goods,77.58,Small,Tier 3,Food Mart,28
13.67,Low Sugar,0.055,Meat,125.03,Medium,Tier 2,Supermarket Type2,17
12.59,Regular,0.032,Snack Foods,153.59,Medium,Tier 2,Supermarket Type2,17
10.43,Low Sugar,0.059,Snack Foods,73.7,Small,Tier 3,Food Mart,28
12.26,reg,0.085,Fruits and Vegetables,138.07,Medium,Tier 2,Supermarket Type2,17
10.57,Regular,0.065,Soft Drinks,128.59,Medium,Tier 2,Supermarket Type2,17
10.99,Low Sugar,0.126,Frozen Foods,148.23,Medium,Tier 2,Supermarket Type2,17
11.59,Regular,0.035,Canned,96.26,Small,Tier 3,Food Mart,28
15.44,Low Sugar,0.082,Frozen Foods,220.07,Medium,Tier 1,Departmental Store,27
11.16,Low Sugar,0.052,Fruits and Vegetables,151.76,Medium,Tier 2,Supermarket Type2,17
13.48,No Sugar,0.142,Health and Hygiene,153.36,Medium,Tier 2,Supermarket Type2,17
10.02,reg,0.184,Fruits and Vegetables,89.92,Small,Tier 3,Food Mart,28
11.58,Regular,0.228,Soft Drinks,152.36,Medium,Tier 2,Supermarket Type2,17
10.21,Low Sugar,0.096,Fruits and Vegetables,121.78,High,Tier 2,Supermarket Type1,39
14.83,Low Sugar,0.071,Frozen Foods,167.45,Medium,Tier 1,Departmental Store,27
8.44,No Sugar,0.188,Health and Hygiene,102.17,High,Tier 2,Supermarket Type1,39
8.4,Regular,0.036,Dairy,90.7,Small,Tier 3,Food Mart,28
12.16,No Sugar,0.21,Household,173.09,Medium,Tier 2,Supermarket Type2,17
17.18,Low Sugar,0.026,Fruits and Vegetables,217.07,Medium,Tier 1,Departmental Store,27
13.84,Low Sugar,0.061,Meat,146.78,Medium,Tier 2,Supermarket Type2,17
14.54,Low Sugar,0.048,Snack Foods,174.41,Medium,Tier 1,Departmental Store,27
11.36,Low Sugar,0.14,Soft Drinks,152.15,Medium,Tier 2,Supermarket Type2,17
13.68,Regular,0.055,Snack Foods,172.37,Medium,Tier 1,Departmental Store,27
12.4,Low Sugar,0.055,Dairy,112.74,Medium,Tier 2,Supermarket Type2,17
11.35,Regular,0.023,Hard Drinks,95.79,Small,Tier 3,Food Mart,28
17.24,Low Sugar,0.069,Soft Drinks,224.3,Medium,Tier 1,Departmental Store,27
8.18,Low Sugar,0.151,Soft Drinks,103.74,Small,Tier 3,Food Mart,28
9.65,Low Sugar,0.027,Starchy Foods,94.67,Small,Tier 3,Food Mart,28
16.54,Regular,0.013,Snack Foods,220.37,Medium,Tier 1,Departmental Store,27
12.14,Low Sugar,0.079,Meat,144.92,Medium,Tier 2,Supermarket Type2,17
11.68,Low Sugar,0.12,Fruits and Vegetables,129.73,Medium,Tier 2,Supermarket Type2,17
11.49,Low Sugar,0.081,Canned,160.35,Medium,Tier 2,Supermarket Type2,17
13.22,reg,0.122,Baking Goods,127.13,Medium,Tier 2,Supermarket Type2,17
8.63,No Sugar,0.036,Household,129.62,Small,Tier 3,Food Mart,28
11.33,Low Sugar,0.03,Dairy,145.97,Medium,Tier 2,Supermarket Type2,17
14.35,Low Sugar,0.027,Baking Goods,135.3,Medium,Tier 2,Supermarket Type2,17
10.2,Low Sugar,0.08,Snack Foods,145.66,Medium,Tier 2,Supermarket Type2,17
14.04,Low Sugar,0.032,Frozen Foods,108.88,Medium,Tier 2,Supermarket Type2,17
10.29,Low Sugar,0.027,Snack Foods,150.71,Medium,Tier 2,Supermarket Type2,17
16.1,Low Sugar,0.05,Dairy,172.97,High,Tier 2,Supermarket Type1,39
10.99,Low Sugar,0.022,Soft Drinks,146.14,Medium,Tier 2,Supermarket Type2,17
12.28,Low Sugar,0.093,Snack Foods,100.94,High,Tier 2,Supermarket Type1,39
10.37,Low Sugar,0.112,Canned,146.48,Medium,Tier 2,Supermarket Type2,17
12.92,Regular,0.027,Fruits and Vegetables,131.58,Medium,Tier 2,Supermarket Type2,17
12.12,No Sugar,0.113,Health and Hygiene,151.61,Medium,Tier 2,Supermarket Type2,17
14.33,Regular,0.098,Meat,194.7,High,Tier 2,Supermarket Type1,39
13.54,Regular,0.103,Frozen Foods,99.24,Medium,Tier 2,Supermarket Type2,17
17.44,No Sugar,0.034,Household,193.87,Medium,Tier 1,Departmental Store,27
15.49,Regular,0.089,Fruits and Vegetables,156.13,Medium,Tier 1,Departmental Store,27
21.04,Regular,0.04,Starchy Foods,158.86,Medium,Tier 1,Departmental Store,27
12.03,No Sugar,0.02,Health and Hygiene,95.47,Small,Tier 3,Food Mart,28
13.58,Regular,0.178,Dairy,117.91,Medium,Tier 2,Supermarket Type2,17
16.19,Regular,0.067,Fruits and Vegetables,126.46,Medium,Tier 2,Supermarket Type2,17
5.71,Low Sugar,0.031,Dairy,120.96,Small,Tier 3,Food Mart,28
13.69,No Sugar,0.062,Household,155.48,Medium,Tier 2,Supermarket Type2,17
14.44,Low Sugar,0.031,Snack Foods,135.2,Medium,Tier 2,Supermarket Type2,17
16.74,Low Sugar,0.1,Snack Foods,203.67,Medium,Tier 1,Departmental Store,27
10.93,No Sugar,0.083,Household,105.58,Small,Tier 3,Food Mart,28
9.01,Regular,0.089,Canned,96.1,Small,Tier 3,Food Mart,28
15.01,Low Sugar,0.09,Baking Goods,145.57,Medium,Tier 2,Supermarket Type2,17
12.48,Low Sugar,0.021,Baking Goods,143.52,Medium,Tier 2,Supermarket Type2,17
13.85,Regular,0.033,Meat,159.07,Medium,Tier 2,Supermarket Type2,17
14.17,Low Sugar,0.082,Frozen Foods,161.55,Small,Tier 3,Food Mart,28
11.19,Regular,0.043,Canned,130.27,Medium,Tier 2,Supermarket Type2,17
11.12,Low Sugar,0.119,Soft Drinks,102.57,Small,Tier 3,Food Mart,28
13.1,Regular,0.03,Frozen Foods,157.08,Medium,Tier 2,Supermarket Type2,17
10.22,Low Sugar,0.123,Dairy,130.98,Medium,Tier 2,Supermarket Type2,17
13.45,Low Sugar,0.029,Fruits and Vegetables,146.12,Medium,Tier 2,Supermarket Type2,17
15.39,Low Sugar,0.09,Breads,154.27,Medium,Tier 1,Departmental Store,27
13.18,Regular,0.14,Breakfast,144.03,Medium,Tier 2,Supermarket Type2,17
16.33,Low Sugar,0.089,Snack Foods,146.79,Medium,Tier 1,Departmental Store,27
11.39,Low Sugar,0.065,Fruits and Vegetables,178.11,Medium,Tier 2,Supermarket Type2,17
14.13,Low Sugar,0.118,Fruits and Vegetables,223.61,Medium,Tier 1,Departmental Store,27
13.17,Low Sugar,0.076,Frozen Foods,151.4,Medium,Tier 2,Supermarket Type2,17
12.5,No Sugar,0.032,Household,149.26,Medium,Tier 2,Supermarket Type2,17
10.64,Low Sugar,0.144,Starchy Foods,150.91,Medium,Tier 2,Supermarket Type2,17
15.54,Low Sugar,0.027,Dairy,186.52,High,Tier 2,Supermarket Type1,39
13.26,Regular,0.029,Soft Drinks,120.55,Medium,Tier 2,Supermarket Type2,17
15.36,Low Sugar,0.044,Dairy,221.8,Medium,Tier 1,Departmental Store,27
15.95,No Sugar,0.036,Others,176.83,High,Tier 2,Supermarket Type1,39
12.36,Regular,0.026,Soft Drinks,98.31,High,Tier 2,Supermarket Type1,39
5.93,Low Sugar,0.03,Dairy,109.76,Small,Tier 3,Food Mart,28
8.92,Low Sugar,0.173,Canned,142.67,Medium,Tier 2,Supermarket Type2,17
8.96,No Sugar,0.022,Health and Hygiene,129.98,Small,Tier 3,Food Mart,28
12.91,Low Sugar,0.044,Breads,131.29,Medium,Tier 2,Supermarket Type2,17
10.73,Low Sugar,0.014,Fruits and Vegetables,153.79,Medium,Tier 2,Supermarket Type2,17
12.68,No Sugar,0.024,Health and Hygiene,140.13,Medium,Tier 2,Supermarket Type2,17
11.15,Low Sugar,0.116,Fruits and Vegetables,140.71,Medium,Tier 2,Supermarket Type2,17
12.99,Low Sugar,0.061,Snack Foods,130.04,Medium,Tier 2,Supermarket Type2,17
15.35,Regular,0.081,Soft Drinks,162.2,Medium,Tier 1,Departmental Store,27
10.09,No Sugar,0.029,Household,88.75,Small,Tier 3,Food Mart,28
14.28,No Sugar,0.084,Health and Hygiene,148.82,Medium,Tier 2,Supermarket Type2,17
11.41,No Sugar,0.054,Household,138.43,Medium,Tier 2,Supermarket Type2,17
12.15,No Sugar,0.063,Others,155.6,Medium,Tier 2,Supermarket Type2,17
15.56,Low Sugar,0.036,Frozen Foods,193.44,Medium,Tier 1,Departmental Store,27
8.81,Low Sugar,0.015,Meat,142.71,High,Tier 2,Supermarket Type1,39
13.94,Low Sugar,0.041,Frozen Foods,98.97,Medium,Tier 2,Supermarket Type2,17
10.7,No Sugar,0.128,Household,124.23,Medium,Tier 2,Supermarket Type2,17
13.94,Regular,0.036,Baking Goods,191.07,High,Tier 2,Supermarket Type1,39
11.9,Regular,0.067,Fruits and Vegetables,118.8,Medium,Tier 2,Supermarket Type2,17
11.42,Low Sugar,0.072,Seafood,131.2,Medium,Tier 2,Supermarket Type2,17
12.13,Low Sugar,0.072,Soft Drinks,98.87,High,Tier 2,Supermarket Type1,39
10.34,No Sugar,0.12,Household,126.22,Medium,Tier 2,Supermarket Type2,17
10.3,Low Sugar,0.037,Soft Drinks,154.46,Medium,Tier 2,Supermarket Type2,17
16.33,Low Sugar,0.052,Frozen Foods,196.68,Medium,Tier 1,Departmental Store,27
15.7,Regular,0.039,Meat,188.25,Medium,Tier 1,Departmental Store,27
13.35,Low Sugar,0.067,Fruits and Vegetables,108.83,Medium,Tier 2,Supermarket Type2,17
11.03,Regular,0.098,Canned,142.58,Medium,Tier 2,Supermarket Type2,17
9.19,No Sugar,0.133,Health and Hygiene,119.26,Small,Tier 3,Food Mart,28
11.49,Low Sugar,0.119,Fruits and Vegetables,141.28,Medium,Tier 2,Supermarket Type2,17
11.75,Low Sugar,0.122,Dairy,99.16,Small,Tier 3,Food Mart,28
13.17,Regular,0.034,Fruits and Vegetables,122.91,Medium,Tier 2,Supermarket Type2,17
12.84,Low Sugar,0.109,Meat,175.87,High,Tier 2,Supermarket Type1,39
11.22,No Sugar,0.067,Household,125.23,Medium,Tier 2,Supermarket Type2,17
17.35,Regular,0.047,Soft Drinks,137.15,Medium,Tier 1,Departmental Store,27
12.86,No Sugar,0.076,Health and Hygiene,154.49,Medium,Tier 2,Supermarket Type2,17
13.17,Regular,0.035,Frozen Foods,160.78,Medium,Tier 2,Supermarket Type2,17
14.83,Low Sugar,0.147,Baking Goods,183.62,High,Tier 2,Supermarket Type1,39
12.31,Low Sugar,0.066,Fruits and Vegetables,119.26,Medium,Tier 2,Supermarket Type2,17
11.32,Low Sugar,0.071,Fruits and Vegetables,149.64,Medium,Tier 2,Supermarket Type2,17
10.59,Low Sugar,0.126,Canned,165.05,Medium,Tier 2,Supermarket Type2,17
10.4,Regular,0.029,Baking Goods,123.1,High,Tier 2,Supermarket Type1,39
13.22,Low Sugar,0.143,Fruits and Vegetables,176.83,Small,Tier 3,Food Mart,28
12.98,No Sugar,0.138,Household,146.5,Medium,Tier 2,Supermarket Type2,17
13.91,Regular,0.103,Soft Drinks,151.64,Medium,Tier 2,Supermarket Type2,17
11.52,Low Sugar,0.015,Fruits and Vegetables,141.18,Medium,Tier 2,Supermarket Type2,17
7.99,Low Sugar,0.033,Fruits and Vegetables,86.79,High,Tier 2,Supermarket Type1,39
10.3,Regular,0.089,Starchy Foods,118.94,High,Tier 2,Supermarket Type1,39
16.98,Regular,0.015,Starchy Foods,188.74,Medium,Tier 1,Departmental Store,27
15.46,Regular,0.004,Fruits and Vegetables,150.48,High,Tier 2,Supermarket Type1,39
13.37,reg,0.144,Fruits and Vegetables,173.1,High,Tier 2,Supermarket Type1,39
10.85,Low Sugar,0.01,Soft Drinks,144.61,Medium,Tier 2,Supermarket Type2,17
14.11,Low Sugar,0.078,Baking Goods,131.65,Medium,Tier 2,Supermarket Type2,17
12.38,Low Sugar,0.028,Meat,180.73,High,Tier 2,Supermarket Type1,39
11.55,Regular,0.053,Starchy Foods,153.55,Medium,Tier 2,Supermarket Type2,17
12.14,Low Sugar,0.048,Canned,168.28,Medium,Tier 2,Supermarket Type2,17
11.95,Low Sugar,0.022,Fruits and Vegetables,226.26,High,Tier 2,Supermarket Type1,39
13.81,Low Sugar,0.011,Frozen Foods,173.28,Medium,Tier 1,Departmental Store,27
11.88,Low Sugar,0.188,Snack Foods,160.57,Medium,Tier 2,Supermarket Type2,17
12.22,Low Sugar,0.074,Baking Goods,135.02,Medium,Tier 2,Supermarket Type2,17
13.08,Low Sugar,0.079,Dairy,168.87,Medium,Tier 2,Supermarket Type2,17
14.52,No Sugar,0.046,Others,186.63,High,Tier 2,Supermarket Type1,39
15.31,No Sugar,0.063,Household,144.37,Medium,Tier 2,Supermarket Type2,17
14.1,Regular,0.006,Snack Foods,210.11,Medium,Tier 1,Departmental Store,27
14.39,Low Sugar,0.021,Baking Goods,114.68,Medium,Tier 2,Supermarket Type2,17
12.06,No Sugar,0.043,Household,123.58,Medium,Tier 2,Supermarket Type2,17
9.82,Regular,0.031,Baking Goods,145.64,Medium,Tier 2,Supermarket Type2,17
12.05,Low Sugar,0.027,Baking Goods,145.13,Medium,Tier 2,Supermarket Type2,17
13.02,Low Sugar,0.12,Fruits and Vegetables,158.7,Medium,Tier 2,Supermarket Type2,17
10.54,Regular,0.049,Soft Drinks,151.98,Medium,Tier 2,Supermarket Type2,17
15.03,Regular,0.128,Canned,164.72,Medium,Tier 1,Departmental Store,27
12.04,No Sugar,0.086,Household,162.26,Small,Tier 3,Food Mart,28
12.22,Regular,0.014,Meat,81.67,Small,Tier 3,Food Mart,28
15.75,Regular,0.076,Dairy,144.77,High,Tier 2,Supermarket Type1,39
13.07,Low Sugar,0.037,Meat,143.79,Medium,Tier 2,Supermarket Type2,17
9.32,Low Sugar,0.042,Fruits and Vegetables,127.59,High,Tier 2,Supermarket Type1,39
12.29,No Sugar,0.123,Household,159.9,Medium,Tier 2,Supermarket Type2,17
12.11,No Sugar,0.033,Health and Hygiene,175.29,Medium,Tier 2,Supermarket Type2,17
11.61,No Sugar,0.049,Health and Hygiene,200.87,Medium,Tier 1,Departmental Store,27
7.21,No Sugar,0.035,Household,147.23,Small,Tier 3,Food Mart,28
11.6,Low Sugar,0.028,Fruits and Vegetables,190.11,High,Tier 2,Supermarket Type1,39
12.4,Regular,0.065,Fruits and Vegetables,94.99,High,Tier 2,Supermarket Type1,39
13.88,Low Sugar,0.074,Fruits and Vegetables,145.68,Medium,Tier 2,Supermarket Type2,17
15.95,Low Sugar,0.069,Fruits and Vegetables,156.41,Medium,Tier 1,Departmental Store,27
17.36,Low Sugar,0.081,Dairy,153.55,High,Tier 2,Supermarket Type1,39
11.05,Low Sugar,0.013,Dairy,114.41,High,Tier 2,Supermarket Type1,39
14.16,Low Sugar,0.063,Snack Foods,129.12,Medium,Tier 2,Supermarket Type2,17
11.89,Low Sugar,0.089,Frozen Foods,161.22,Medium,Tier 2,Supermarket Type2,17
14.83,Low Sugar,0.157,Snack Foods,189.19,High,Tier 2,Supermarket Type1,39
10.9,No Sugar,0.013,Health and Hygiene,153.32,Medium,Tier 2,Supermarket Type2,17
12.54,Low Sugar,0.066,Fruits and Vegetables,124.0,Medium,Tier 2,Supermarket Type2,17
14.88,Low Sugar,0.038,Canned,96.49,Medium,Tier 2,Supermarket Type2,17
12.41,Low Sugar,0.138,Soft Drinks,120.58,Medium,Tier 2,Supermarket Type2,17
12.81,Low Sugar,0.025,Snack Foods,143.16,Medium,Tier 2,Supermarket Type2,17
12.68,Low Sugar,0.03,Snack Foods,133.19,Medium,Tier 2,Supermarket Type2,17
12.01,Regular,0.105,Soft Drinks,146.0,Medium,Tier 2,Supermarket Type2,17
15.02,Low Sugar,0.044,Snack Foods,193.24,High,Tier 2,Supermarket Type1,39
9.81,Low Sugar,0.039,Frozen Foods,141.69,Medium,Tier 2,Supermarket Type2,17
12.55,Regular,0.175,Dairy,170.58,Medium,Tier 2,Supermarket Type2,17
14.24,Low Sugar,0.133,Breads,135.42,Small,Tier 3,Food Mart,28
14.09,Low Sugar,0.128,Snack Foods,178.38,Medium,Tier 1,Departmental Store,27
13.19,Low Sugar,0.007,Dairy,153.58,Medium,Tier 2,Supermarket Type2,17
16.02,Low Sugar,0.132,Baking Goods,187.35,Medium,Tier 1,Departmental Store,27
12.28,Regular,0.031,Frozen Foods,144.26,Medium,Tier 2,Supermarket Type2,17
12.84,Low Sugar,0.047,Snack Foods,147.58,Medium,Tier 2,Supermarket Type2,17
14.24,Low Sugar,0.063,Meat,159.5,High,Tier 2,Supermarket Type1,39
9.74,Low Sugar,0.036,Baking Goods,89.74,Small,Tier 3,Food Mart,28
10.36,Regular,0.089,Frozen Foods,138.92,Medium,Tier 2,Supermarket Type2,17
9.76,Regular,0.015,Snack Foods,139.5,Small,Tier 3,Food Mart,28
14.02,Low Sugar,0.128,Meat,195.0,High,Tier 2,Supermarket Type1,39
14.41,Low Sugar,0.03,Snack Foods,146.36,Medium,Tier 2,Supermarket Type2,17
12.86,Low Sugar,0.174,Fruits and Vegetables,160.58,Medium,Tier 2,Supermarket Type2,17
13.16,Regular,0.011,Meat,130.22,Medium,Tier 2,Supermarket Type2,17
13.84,Low Sugar,0.038,Breads,115.31,Medium,Tier 2,Supermarket Type2,17
14.43,No Sugar,0.065,Household,177.0,Medium,Tier 1,Departmental Store,27
11.4,No Sugar,0.063,Health and Hygiene,141.03,Medium,Tier 2,Supermarket Type2,17
9.11,No Sugar,0.031,Health and Hygiene,122.34,Small,Tier 3,Food Mart,28
9.37,Low Sugar,0.047,Meat,130.6,High,Tier 2,Supermarket Type1,39
9.66,No Sugar,0.177,Household,86.2,Small,Tier 3,Food Mart,28
12.13,No Sugar,0.067,Health and Hygiene,171.71,Medium,Tier 2,Supermarket Type2,17
10.68,Low Sugar,0.036,Fruits and Vegetables,145.38,Medium,Tier 2,Supermarket Type2,17
14.25,Low Sugar,0.031,Baking Goods,182.95,High,Tier 2,Supermarket Type1,39
13.77,Low Sugar,0.108,Fruits and Vegetables,189.04,High,Tier 2,Supermarket Type1,39
14.61,reg,0.014,Breakfast,144.48,Medium,Tier 2,Supermarket Type2,17
12.29,No Sugar,0.037,Household,129.26,Medium,Tier 2,Supermarket Type2,17
13.34,Low Sugar,0.039,Frozen Foods,150.81,Medium,Tier 2,Supermarket Type2,17
14.2,Regular,0.054,Dairy,112.5,Medium,Tier 2,Supermarket Type2,17
10.58,Low Sugar,0.04,Snack Foods,121.29,High,Tier 2,Supermarket Type1,39
13.1,Regular,0.041,Fruits and Vegetables,124.94,Medium,Tier 2,Supermarket Type2,17
10.46,Low Sugar,0.084,Fruits and Vegetables,158.78,Medium,Tier 2,Supermarket Type2,17
11.61,Low Sugar,0.033,Baking Goods,153.19,Medium,Tier 2,Supermarket Type2,17
13.14,No Sugar,0.161,Health and Hygiene,147.36,Medium,Tier 2,Supermarket Type2,17
13.68,Low Sugar,0.137,Baking Goods,97.26,Medium,Tier 2,Supermarket Type2,17
11.29,Low Sugar,0.021,Hard Drinks,155.86,Medium,Tier 2,Supermarket Type2,17
12.68,Low Sugar,0.064,Fruits and Vegetables,183.73,Medium,Tier 1,Departmental Store,27
10.24,Low Sugar,0.077,Dairy,123.65,High,Tier 2,Supermarket Type1,39
9.4,Low Sugar,0.082,Breads,125.61,Small,Tier 3,Food Mart,28
11.53,Low Sugar,0.14,Soft Drinks,176.53,Medium,Tier 2,Supermarket Type2,17
8.93,Low Sugar,0.031,Snack Foods,126.48,Small,Tier 3,Food Mart,28
11.03,Low Sugar,0.028,Snack Foods,172.58,Medium,Tier 2,Supermarket Type2,17
12.87,Regular,0.089,Fruits and Vegetables,133.63,Medium,Tier 2,Supermarket Type2,17
16.21,No Sugar,0.122,Household,186.92,Medium,Tier 1,Departmental Store,27
11.9,Low Sugar,0.024,Dairy,152.37,Medium,Tier 2,Supermarket Type2,17
13.09,Low Sugar,0.148,Dairy,124.13,Medium,Tier 2,Supermarket Type2,17
14.71,Low Sugar,0.023,Baking Goods,153.67,High,Tier 2,Supermarket Type1,39
14.48,Low Sugar,0.128,Baking Goods,171.58,Medium,Tier 1,Departmental Store,27
10.41,Regular,0.17,Dairy,115.64,High,Tier 2,Supermarket Type1,39
10.53,Low Sugar,0.008,Frozen Foods,142.38,Medium,Tier 2,Supermarket Type2,17
12.37,Low Sugar,0.066,Frozen Foods,120.29,Medium,Tier 2,Supermarket Type2,17
11.35,Regular,0.063,Canned,136.51,Medium,Tier 2,Supermarket Type2,17
15.77,Low Sugar,0.021,Dairy,144.56,High,Tier 2,Supermarket Type1,39
12.47,Regular,0.013,Frozen Foods,156.41,Medium,Tier 2,Supermarket Type2,17
14.43,No Sugar,0.021,Household,147.12,Medium,Tier 2,Supermarket Type2,17
10.91,Low Sugar,0.056,Meat,106.68,Small,Tier 3,Food Mart,28
12.67,No Sugar,0.076,Household,154.3,Medium,Tier 2,Supermarket Type2,17
15.99,Regular,0.064,Snack Foods,172.33,High,Tier 2,Supermarket Type1,39
13.31,Low Sugar,0.043,Meat,125.59,Medium,Tier 2,Supermarket Type2,17
12.09,No Sugar,0.123,Health and Hygiene,148.76,Medium,Tier 2,Supermarket Type2,17
12.25,No Sugar,0.01,Health and Hygiene,198.7,Medium,Tier 1,Departmental Store,27
12.35,Regular,0.022,Meat,113.41,Medium,Tier 2,Supermarket Type2,17
11.13,Regular,0.035,Soft Drinks,110.81,High,Tier 2,Supermarket Type1,39
11.95,Low Sugar,0.047,Breads,164.23,Medium,Tier 2,Supermarket Type2,17
14.21,Regular,0.035,Fruits and Vegetables,127.81,Medium,Tier 2,Supermarket Type2,17
10.31,Low Sugar,0.054,Frozen Foods,111.08,Small,Tier 3,Food Mart,28
9.84,Regular,0.102,Baking Goods,136.6,Medium,Tier 2,Supermarket Type2,17
12.39,Low Sugar,0.114,Frozen Foods,175.47,Medium,Tier 2,Supermarket Type2,17
14.76,Low Sugar,0.076,Meat,130.99,Medium,Tier 2,Supermarket Type2,17
14.71,No Sugar,0.083,Household,145.12,Medium,Tier 2,Supermarket Type2,17
10.7,Low Sugar,0.021,Dairy,136.6,Medium,Tier 2,Supermarket Type2,17
14.04,Low Sugar,0.039,Dairy,156.19,Medium,Tier 2,Supermarket Type2,17
13.89,Low Sugar,0.015,Frozen Foods,196.66,High,Tier 2,Supermarket Type1,39
11.0,Regular,0.12,Frozen Foods,152.09,Medium,Tier 2,Supermarket Type2,17
10.48,Regular,0.015,Meat,154.22,Medium,Tier 2,Supermarket Type2,17
13.03,No Sugar,0.061,Health and Hygiene,150.09,Medium,Tier 2,Supermarket Type2,17
12.98,Regular,0.021,Breads,147.61,Medium,Tier 2,Supermarket Type2,17
8.88,Low Sugar,0.115,Dairy,124.27,Small,Tier 3,Food Mart,28
7.96,Regular,0.016,Fruits and Vegetables,85.82,Small,Tier 3,Food Mart,28
11.58,Regular,0.041,Fruits and Vegetables,114.95,Medium,Tier 2,Supermarket Type2,17
15.91,Low Sugar,0.092,Frozen Foods,171.64,High,Tier 2,Supermarket Type1,39
15.29,Low Sugar,0.082,Dairy,189.49,High,Tier 2,Supermarket Type1,39
12.11,Low Sugar,0.105,Frozen Foods,135.19,Medium,Tier 2,Supermarket Type2,17
9.26,Regular,0.021,Canned,83.38,Small,Tier 3,Food Mart,28
8.02,Low Sugar,0.065,Canned,124.97,High,Tier 2,Supermarket Type1,39
15.73,Low Sugar,0.031,Baking Goods,149.47,High,Tier 2,Supermarket Type1,39
10.96,Regular,0.137,Canned,122.25,Medium,Tier 2,Supermarket Type2,17
16.01,Low Sugar,0.027,Fruits and Vegetables,117.48,Medium,Tier 2,Supermarket Type2,17
12.16,Low Sugar,0.084,Snack Foods,130.67,Medium,Tier 2,Supermarket Type2,17
13.27,Regular,0.046,Snack Foods,173.14,High,Tier 2,Supermarket Type1,39
13.36,Low Sugar,0.12,Hard Drinks,106.07,Medium,Tier 2,Supermarket Type2,17
13.0,Regular,0.054,Fruits and Vegetables,166.75,Medium,Tier 2,Supermarket Type2,17
17.87,Low Sugar,0.124,Snack Foods,166.45,Medium,Tier 1,Departmental Store,27
12.87,Low Sugar,0.175,Dairy,146.47,Medium,Tier 2,Supermarket Type2,17
14.09,Regular,0.047,Hard Drinks,192.85,High,Tier 2,Supermarket Type1,39
12.65,Low Sugar,0.121,Frozen Foods,149.9,Medium,Tier 2,Supermarket Type2,17
10.48,Low Sugar,0.073,Meat,92.63,Small,Tier 3,Food Mart,28
11.75,Low Sugar,0.03,Starchy Foods,161.68,Medium,Tier 2,Supermarket Type2,17
11.3,Regular,0.099,Hard Drinks,90.06,Small,Tier 3,Food Mart,28
12.8,No Sugar,0.034,Others,147.19,Medium,Tier 2,Supermarket Type2,17
12.83,Low Sugar,0.068,Fruits and Vegetables,162.76,Medium,Tier 2,Supermarket Type2,17
13.56,Low Sugar,0.029,Baking Goods,126.47,Medium,Tier 2,Supermarket Type2,17
14.41,Low Sugar,0.186,Fruits and Vegetables,151.56,Medium,Tier 2,Supermarket Type2,17
8.26,reg,0.086,Meat,131.1,Small,Tier 3,Food Mart,28
15.52,Regular,0.086,Soft Drinks,214.65,Medium,Tier 1,Departmental Store,27
13.46,Low Sugar,0.162,Soft Drinks,159.2,Medium,Tier 2,Supermarket Type2,17
12.6,Low Sugar,0.047,Fruits and Vegetables,130.67,Medium,Tier 2,Supermarket Type2,17
11.15,Low Sugar,0.079,Soft Drinks,92.71,Small,Tier 3,Food Mart,28
15.8,Low Sugar,0.151,Canned,154.49,Medium,Tier 1,Departmental Store,27
15.67,Regular,0.076,Frozen Foods,135.36,Medium,Tier 2,Supermarket Type2,17
10.4,Low Sugar,0.026,Frozen Foods,131.82,Medium,Tier 2,Supermarket Type2,17
14.04,Low Sugar,0.058,Canned,120.97,Medium,Tier 2,Supermarket Type2,17
10.87,No Sugar,0.007,Health and Hygiene,143.98,Medium,Tier 2,Supermarket Type2,17
10.71,Low Sugar,0.033,Snack Foods,116.75,High,Tier 2,Supermarket Type1,39
10.57,reg,0.104,Meat,139.54,Medium,Tier 2,Supermarket Type2,17
13.64,Low Sugar,0.021,Seafood,163.72,High,Tier 2,Supermarket Type1,39
12.03,Low Sugar,0.031,Baking Goods,137.0,Medium,Tier 2,Supermarket Type2,17
11.15,Low Sugar,0.03,Snack Foods,180.22,Medium,Tier 2,Supermarket Type2,17
14.29,No Sugar,0.018,Health and Hygiene,188.64,High,Tier 2,Supermarket Type1,39
10.69,Regular,0.176,Canned,116.37,High,Tier 2,Supermarket Type1,39
10.46,Low Sugar,0.022,Snack Foods,139.16,Medium,Tier 2,Supermarket Type2,17
12.88,Low Sugar,0.123,Starchy Foods,158.39,Medium,Tier 2,Supermarket Type2,17
11.85,No Sugar,0.045,Household,147.18,Medium,Tier 2,Supermarket Type2,17
12.22,Regular,0.05,Canned,158.49,Medium,Tier 2,Supermarket Type2,17
10.39,No Sugar,0.012,Health and Hygiene,101.82,Small,Tier 3,Food Mart,28
11.49,Regular,0.013,Baking Goods,128.44,Medium,Tier 2,Supermarket Type2,17
12.71,Low Sugar,0.085,Dairy,114.22,Medium,Tier 2,Supermarket Type2,17
15.06,Regular,0.014,Soft Drinks,146.66,Medium,Tier 2,Supermarket Type2,17
13.65,Low Sugar,0.09,Dairy,184.25,Medium,Tier 1,Departmental Store,27
14.81,Low Sugar,0.122,Snack Foods,197.96,High,Tier 2,Supermarket Type1,39
11.08,Low Sugar,0.073,Meat,151.76,Medium,Tier 2,Supermarket Type2,17
12.22,Low Sugar,0.032,Canned,137.13,Medium,Tier 2,Supermarket Type2,17
12.91,Low Sugar,0.126,Baking Goods,101.91,Medium,Tier 2,Supermarket Type2,17
12.78,Low Sugar,0.07,Fruits and Vegetables,143.58,Medium,Tier 2,Supermarket Type2,17
13.94,Low Sugar,0.147,Canned,158.27,Medium,Tier 2,Supermarket Type2,17
14.5,Regular,0.06,Frozen Foods,192.2,High,Tier 2,Supermarket Type1,39
8.84,Low Sugar,0.017,Baking Goods,85.76,Small,Tier 3,Food Mart,28
11.97,Regular,0.034,Snack Foods,127.04,Medium,Tier 2,Supermarket Type2,17
14.43,Regular,0.108,Breakfast,159.35,High,Tier 2,Supermarket Type1,39
14.62,Regular,0.064,Canned,150.23,Medium,Tier 2,Supermarket Type2,17
15.0,Low Sugar,0.083,Fruits and Vegetables,170.27,Medium,Tier 1,Departmental Store,27
14.75,Low Sugar,0.042,Canned,220.18,Medium,Tier 1,Departmental Store,27
13.2,Low Sugar,0.138,Soft Drinks,159.85,Medium,Tier 2,Supermarket Type2,17
10.01,Regular,0.055,Fruits and Vegetables,125.72,High,Tier 2,Supermarket Type1,39
12.18,Low Sugar,0.102,Snack Foods,111.27,Medium,Tier 2,Supermarket Type2,17
12.34,Regular,0.085,Fruits and Vegetables,145.17,Medium,Tier 2,Supermarket Type2,17
13.52,Low Sugar,0.066,Meat,167.92,High,Tier 2,Supermarket Type1,39
9.37,Regular,0.031,Fruits and Vegetables,154.88,Medium,Tier 2,Supermarket Type2,17
14.28,Low Sugar,0.079,Fruits and Vegetables,141.66,Medium,Tier 2,Supermarket Type2,17
8.57,Low Sugar,0.112,Meat,111.78,Small,Tier 3,Food Mart,28
11.96,Regular,0.05,Snack Foods,147.06,Medium,Tier 2,Supermarket Type2,17
12.2,reg,0.067,Fruits and Vegetables,161.51,Medium,Tier 2,Supermarket Type2,17
12.96,Low Sugar,0.064,Fruits and Vegetables,189.35,Medium,Tier 1,Departmental Store,27
13.61,Low Sugar,0.024,Starchy Foods,158.23,Medium,Tier 2,Supermarket Type2,17
13.25,No Sugar,0.039,Health and Hygiene,144.34,Medium,Tier 2,Supermarket Type2,17
11.16,reg,0.087,Baking Goods,178.04,Medium,Tier 2,Supermarket Type2,17
8.94,Regular,0.083,Frozen Foods,82.09,Small,Tier 3,Food Mart,28
13.95,Low Sugar,0.055,Canned,190.17,High,Tier 2,Supermarket Type1,39
13.16,No Sugar,0.142,Household,142.18,Medium,Tier 2,Supermarket Type2,17
11.75,Regular,0.043,Meat,105.44,High,Tier 2,Supermarket Type1,39
14.69,Low Sugar,0.076,Dairy,171.16,Medium,Tier 1,Departmental Store,27
11.38,Low Sugar,0.12,Soft Drinks,149.29,Medium,Tier 2,Supermarket Type2,17
14.59,Low Sugar,0.052,Frozen Foods,154.95,High,Tier 2,Supermarket Type1,39
10.08,Low Sugar,0.026,Snack Foods,98.23,Small,Tier 3,Food Mart,28
16.05,Regular,0.133,Canned,170.26,High,Tier 2,Supermarket Type1,39
13.68,Low Sugar,0.024,Snack Foods,138.77,Medium,Tier 2,Supermarket Type2,17
9.96,No Sugar,0.19,Household,109.74,Small,Tier 3,Food Mart,28
11.99,Regular,0.183,Frozen Foods,159.66,Medium,Tier 2,Supermarket Type2,17
7.27,Regular,0.025,Baking Goods,129.68,Small,Tier 3,Food Mart,28
14.26,No Sugar,0.112,Health and Hygiene,147.57,Medium,Tier 2,Supermarket Type2,17
18.0,Regular,0.095,Baking Goods,233.52,Medium,Tier 1,Departmental Store,27
14.2,Low Sugar,0.049,Frozen Foods,162.54,High,Tier 2,Supermarket Type1,39
12.42,No Sugar,0.061,Household,164.19,Medium,Tier 2,Supermarket Type2,17
15.05,Low Sugar,0.055,Snack Foods,149.42,High,Tier 2,Supermarket Type1,39
14.78,Low Sugar,0.119,Meat,152.48,High,Tier 2,Supermarket Type1,39
12.51,Low Sugar,0.015,Fruits and Vegetables,157.5,Medium,Tier 2,Supermarket Type2,17
9.54,Regular,0.04,Snack Foods,106.83,Small,Tier 3,Food Mart,28
8.16,No Sugar,0.025,Household,104.51,Small,Tier 3,Food Mart,28
13.33,Low Sugar,0.053,Hard Drinks,103.88,Medium,Tier 2,Supermarket Type2,17
13.33,Low Sugar,0.129,Fruits and Vegetables,144.62,Medium,Tier 2,Supermarket Type2,17
9.29,Low Sugar,0.05,Meat,116.73,Small,Tier 3,Food Mart,28
10.55,No Sugar,0.072,Health and Hygiene,111.63,Small,Tier 3,Food Mart,28
16.34,Low Sugar,0.027,Fruits and Vegetables,179.16,Medium,Tier 1,Departmental Store,27
8.04,Low Sugar,0.014,Canned,145.35,High,Tier 2,Supermarket Type1,39
13.07,Low Sugar,0.088,Fruits and Vegetables,121.25,Medium,Tier 2,Supermarket Type2,17
14.85,Low Sugar,0.07,Frozen Foods,169.28,Medium,Tier 1,Departmental Store,27
12.46,Low Sugar,0.042,Snack Foods,146.24,Medium,Tier 2,Supermarket Type2,17
14.47,Low Sugar,0.17,Fruits and Vegetables,147.45,Medium,Tier 2,Supermarket Type2,17
13.51,Low Sugar,0.082,Fruits and Vegetables,142.16,Medium,Tier 2,Supermarket Type2,17
9.02,Regular,0.032,Fruits and Vegetables,104.6,Small,Tier 3,Food Mart,28
9.57,Regular,0.031,Canned,122.46,Small,Tier 3,Food Mart,28
13.27,Regular,0.069,Seafood,194.1,High,Tier 2,Supermarket Type1,39
11.24,Low Sugar,0.067,Canned,94.45,Small,Tier 3,Food Mart,28
15.7,Low Sugar,0.015,Snack Foods,163.16,Medium,Tier 1,Departmental Store,27
12.12,Low Sugar,0.102,Breads,134.17,Medium,Tier 2,Supermarket Type2,17
14.01,Regular,0.184,Meat,177.48,Medium,Tier 1,Departmental Store,27
13.74,Regular,0.078,Frozen Foods,124.69,Medium,Tier 2,Supermarket Type2,17
13.07,No Sugar,0.054,Health and Hygiene,171.1,High,Tier 2,Supermarket Type1,39
13.98,Low Sugar,0.027,Meat,204.34,High,Tier 2,Supermarket Type1,39
14.28,Low Sugar,0.055,Dairy,200.43,High,Tier 2,Supermarket Type1,39
13.69,Low Sugar,0.171,Soft Drinks,175.92,Medium,Tier 1,Departmental Store,27
6.8,No Sugar,0.191,Health and Hygiene,85.64,Small,Tier 3,Food Mart,28
12.52,Low Sugar,0.011,Dairy,126.79,Medium,Tier 2,Supermarket Type2,17
8.03,Regular,0.076,Soft Drinks,77.05,Small,Tier 3,Food Mart,28
14.42,Regular,0.065,Snack Foods,170.37,Medium,Tier 1,Departmental Store,27
10.45,Low Sugar,0.089,Dairy,89.04,Small,Tier 3,Food Mart,28
9.47,Low Sugar,0.052,Canned,137.5,Medium,Tier 2,Supermarket Type2,17
11.11,Low Sugar,0.138,Baking Goods,152.91,Medium,Tier 2,Supermarket Type2,17
16.29,Low Sugar,0.098,Frozen Foods,200.39,Medium,Tier 1,Departmental Store,27
13.28,No Sugar,0.055,Household,135.31,Medium,Tier 2,Supermarket Type2,17
13.68,Low Sugar,0.018,Baking Goods,163.02,High,Tier 2,Supermarket Type1,39
13.28,Regular,0.035,Baking Goods,188.91,Medium,Tier 1,Departmental Store,27
11.89,No Sugar,0.156,Household,131.49,Medium,Tier 2,Supermarket Type2,17
17.68,Low Sugar,0.049,Baking Goods,152.4,Medium,Tier 1,Departmental Store,27
15.56,Low Sugar,0.153,Canned,171.92,High,Tier 2,Supermarket Type1,39
12.8,Regular,0.022,Canned,145.28,Medium,Tier 2,Supermarket Type2,17
13.92,Regular,0.054,Canned,181.48,Medium,Tier 1,Departmental Store,27
12.3,Low Sugar,0.008,Fruits and Vegetables,157.24,Medium,Tier 2,Supermarket Type2,17
13.88,Regular,0.035,Fruits and Vegetables,124.77,Medium,Tier 2,Supermarket Type2,17
10.11,Low Sugar,0.053,Hard Drinks,88.91,Small,Tier 3,Food Mart,28
10.94,Low Sugar,0.026,Frozen Foods,119.27,High,Tier 2,Supermarket Type1,39
15.89,Low Sugar,0.171,Soft Drinks,168.67,High,Tier 2,Supermarket Type1,39
13.99,No Sugar,0.083,Health and Hygiene,145.92,Medium,Tier 2,Supermarket Type2,17
13.51,Low Sugar,0.099,Snack Foods,157.57,Medium,Tier 2,Supermarket Type2,17
8.99,Regular,0.041,Starchy Foods,101.94,Small,Tier 3,Food Mart,28
10.42,Low Sugar,0.039,Fruits and Vegetables,132.7,Medium,Tier 2,Supermarket Type2,17
9.45,Low Sugar,0.094,Canned,162.28,Small,Tier 3,Food Mart,28
11.76,Low Sugar,0.068,Hard Drinks,164.98,Medium,Tier 2,Supermarket Type2,17
12.75,Regular,0.028,Meat,136.17,Medium,Tier 2,Supermarket Type2,17
14.33,Low Sugar,0.097,Frozen Foods,131.06,Medium,Tier 2,Supermarket Type2,17
13.47,Regular,0.151,Dairy,120.15,Medium,Tier 2,Supermarket Type2,17
10.32,Regular,0.025,Snack Foods,122.2,High,Tier 2,Supermarket Type1,39
9.42,Regular,0.074,Dairy,103.32,Small,Tier 3,Food Mart,28
11.83,Regular,0.123,Frozen Foods,130.51,Medium,Tier 2,Supermarket Type2,17
13.07,Low Sugar,0.068,Soft Drinks,155.38,Medium,Tier 2,Supermarket Type2,17
10.63,No Sugar,0.034,Health and Hygiene,194.38,Medium,Tier 2,Supermarket Type2,17
10.47,Low Sugar,0.16,Soft Drinks,93.51,Medium,Tier 1,Departmental Store,27
11.24,No Sugar,0.014,Household,143.02,Medium,Tier 2,Supermarket Type2,17
11.78,Regular,0.066,Meat,144.41,Medium,Tier 2,Supermarket Type2,17
13.89,Regular,0.053,Hard Drinks,182.66,Medium,Tier 1,Departmental Store,27
13.66,Regular,0.076,Snack Foods,144.64,Medium,Tier 2,Supermarket Type2,17
13.05,Low Sugar,0.017,Breads,163.79,Medium,Tier 2,Supermarket Type2,17
12.67,No Sugar,0.054,Health and Hygiene,158.53,Medium,Tier 2,Supermarket Type2,17
13.22,Low Sugar,0.108,Dairy,161.92,Medium,Tier 2,Supermarket Type2,17
12.25,No Sugar,0.015,Household,127.43,Medium,Tier 2,Supermarket Type2,17
9.26,Regular,0.043,Soft Drinks,102.67,Small,Tier 3,Food Mart,28
14.07,Low Sugar,0.05,Meat,154.0,Medium,Tier 2,Supermarket Type2,17
14.02,Low Sugar,0.128,Soft Drinks,182.28,Medium,Tier 1,Departmental Store,27
11.79,Low Sugar,0.009,Dairy,114.28,Medium,Tier 2,Supermarket Type2,17
11.07,Low Sugar,0.086,Soft Drinks,88.12,Small,Tier 3,Food Mart,28
8.36,Regular,0.042,Meat,109.94,Small,Tier 3,Food Mart,28
15.1,No Sugar,0.142,Household,211.63,Medium,Tier 1,Departmental Store,27
14.2,Regular,0.128,Frozen Foods,181.79,High,Tier 2,Supermarket Type1,39
13.0,Low Sugar,0.047,Hard Drinks,191.22,Medium,Tier 1,Departmental Store,27
7.44,Low Sugar,0.076,Snack Foods,78.77,Small,Tier 3,Food Mart,28
13.34,Regular,0.03,Canned,160.5,Medium,Tier 2,Supermarket Type2,17
12.89,Low Sugar,0.107,Fruits and Vegetables,153.05,Medium,Tier 2,Supermarket Type2,17
12.57,Low Sugar,0.152,Canned,156.22,Medium,Tier 2,Supermarket Type2,17
14.62,Low Sugar,0.033,Fruits and Vegetables,147.64,Medium,Tier 2,Supermarket Type2,17
10.17,Low Sugar,0.005,Snack Foods,149.66,Medium,Tier 2,Supermarket Type2,17
12.69,No Sugar,0.172,Others,135.49,Medium,Tier 2,Supermarket Type2,17
10.34,Low Sugar,0.142,Canned,119.07,High,Tier 2,Supermarket Type1,39
8.9,Low Sugar,0.108,Snack Foods,149.8,Medium,Tier 2,Supermarket Type2,17
16.35,Low Sugar,0.08,Baking Goods,202.49,Medium,Tier 1,Departmental Store,27
17.84,Low Sugar,0.037,Soft Drinks,148.23,High,Tier 2,Supermarket Type1,39
11.35,Low Sugar,0.027,Dairy,119.64,Small,Tier 3,Food Mart,28
16.64,Regular,0.094,Canned,194.6,Medium,Tier 1,Departmental Store,27
11.47,No Sugar,0.09,Health and Hygiene,157.41,Medium,Tier 2,Supermarket Type2,17
13.53,Regular,0.048,Snack Foods,193.39,High,Tier 2,Supermarket Type1,39
17.16,Regular,0.036,Canned,167.49,Medium,Tier 1,Departmental Store,27
14.76,Low Sugar,0.011,Meat,167.31,Medium,Tier 1,Departmental Store,27
14.68,Low Sugar,0.063,Meat,115.49,Medium,Tier 2,Supermarket Type2,17
13.91,Low Sugar,0.092,Fruits and Vegetables,175.26,Medium,Tier 1,Departmental Store,27
13.28,Low Sugar,0.072,Snack Foods,208.64,High,Tier 2,Supermarket Type1,39
10.14,Low Sugar,0.01,Canned,95.25,Small,Tier 3,Food Mart,28
11.07,Low Sugar,0.067,Dairy,125.2,Medium,Tier 2,Supermarket Type2,17
12.64,Low Sugar,0.12,Soft Drinks,103.88,Medium,Tier 2,Supermarket Type2,17
9.52,Low Sugar,0.022,Baking Goods,154.55,Medium,Tier 2,Supermarket Type2,17
12.76,Low Sugar,0.036,Soft Drinks,136.48,Medium,Tier 2,Supermarket Type2,17
11.05,Low Sugar,0.081,Canned,119.87,Medium,Tier 2,Supermarket Type2,17
13.88,Regular,0.014,Canned,215.19,Medium,Tier 1,Departmental Store,27
12.7,Low Sugar,0.038,Fruits and Vegetables,170.48,Medium,Tier 2,Supermarket Type2,17
7.6,Regular,0.021,Frozen Foods,175.03,Medium,Tier 2,Supermarket Type2,17
10.77,Low Sugar,0.07,Starchy Foods,107.46,Small,Tier 3,Food Mart,28
11.3,No Sugar,0.077,Household,166.76,Medium,Tier 2,Supermarket Type2,17
10.94,Regular,0.154,Fruits and Vegetables,87.18,Small,Tier 3,Food Mart,28
12.39,Regular,0.055,Canned,114.62,Medium,Tier 2,Supermarket Type2,17
16.12,Low Sugar,0.097,Dairy,160.18,High,Tier 2,Supermarket Type1,39
13.2,Low Sugar,0.129,Snack Foods,119.89,Medium,Tier 2,Supermarket Type2,17
8.52,Low Sugar,0.055,Soft Drinks,135.91,Small,Tier 3,Food Mart,28
12.79,No Sugar,0.015,Household,150.11,Medium,Tier 2,Supermarket Type2,17
14.34,No Sugar,0.026,Health and Hygiene,162.64,High,Tier 2,Supermarket Type1,39
13.66,Low Sugar,0.162,Snack Foods,168.46,High,Tier 2,Supermarket Type1,39
12.28,Regular,0.171,Baking Goods,141.96,Medium,Tier 2,Supermarket Type2,17
12.49,Regular,0.047,Fruits and Vegetables,124.68,Medium,Tier 2,Supermarket Type2,17
11.56,Low Sugar,0.188,Fruits and Vegetables,132.58,Medium,Tier 2,Supermarket Type2,17
12.0,No Sugar,0.149,Health and Hygiene,106.22,High,Tier 2,Supermarket Type1,39
12.55,No Sugar,0.162,Household,157.6,Medium,Tier 2,Supermarket Type2,17
13.05,Regular,0.055,Dairy,165.89,Medium,Tier 2,Supermarket Type2,17
11.08,No Sugar,0.015,Household,143.99,Medium,Tier 2,Supermarket Type2,17
13.56,Low Sugar,0.027,Frozen Foods,151.12,Medium,Tier 2,Supermarket Type2,17
14.55,Regular,0.049,Snack Foods,203.96,Medium,Tier 1,Departmental Store,27
14.21,Low Sugar,0.142,Fruits and Vegetables,152.13,Medium,Tier 2,Supermarket Type2,17
14.9,Low Sugar,0.05,Snack Foods,199.95,Medium,Tier 1,Departmental Store,27
9.02,Low Sugar,0.108,Snack Foods,106.93,Small,Tier 3,Food Mart,28
12.86,Low Sugar,0.062,Fruits and Vegetables,139.32,Medium,Tier 2,Supermarket Type2,17
15.57,No Sugar,0.173,Health and Hygiene,157.75,Medium,Tier 1,Departmental Store,27
15.16,Low Sugar,0.012,Canned,158.13,Medium,Tier 1,Departmental Store,27
11.22,Low Sugar,0.027,Meat,144.32,Medium,Tier 2,Supermarket Type2,17
11.96,Regular,0.077,Breads,153.4,Medium,Tier 2,Supermarket Type2,17
16.53,Low Sugar,0.042,Baking Goods,181.12,Medium,Tier 1,Departmental Store,27
13.04,Low Sugar,0.172,Breads,154.12,Medium,Tier 2,Supermarket Type2,17
14.67,Regular,0.072,Canned,150.17,Medium,Tier 2,Supermarket Type2,17
13.61,Low Sugar,0.036,Snack Foods,136.92,Medium,Tier 2,Supermarket Type2,17
13.62,Regular,0.108,Fruits and Vegetables,179.95,Medium,Tier 1,Departmental Store,27
12.04,Low Sugar,0.013,Dairy,101.35,High,Tier 2,Supermarket Type1,39
11.69,No Sugar,0.142,Household,115.05,Medium,Tier 2,Supermarket Type2,17
9.92,Low Sugar,0.031,Fruits and Vegetables,153.3,Medium,Tier 2,Supermarket Type2,17
12.18,Low Sugar,0.017,Fruits and Vegetables,168.17,Medium,Tier 2,Supermarket Type2,17
10.42,No Sugar,0.091,Health and Hygiene,155.82,Medium,Tier 2,Supermarket Type2,17
16.52,Regular,0.121,Snack Foods,111.49,Medium,Tier 2,Supermarket Type2,17
14.15,Low Sugar,0.014,Fruits and Vegetables,169.94,Medium,Tier 1,Departmental Store,27
12.17,Low Sugar,0.022,Baking Goods,132.58,Medium,Tier 2,Supermarket Type2,17
13.23,Low Sugar,0.019,Frozen Foods,175.13,High,Tier 2,Supermarket Type1,39
11.55,Low Sugar,0.07,Snack Foods,137.99,Medium,Tier 2,Supermarket Type2,17
11.71,No Sugar,0.061,Health and Hygiene,165.52,Medium,Tier 2,Supermarket Type2,17
9.11,No Sugar,0.054,Household,123.37,Small,Tier 3,Food Mart,28
13.46,Regular,0.161,Snack Foods,188.36,Medium,Tier 1,Departmental Store,27
12.52,Regular,0.119,Fruits and Vegetables,105.32,Medium,Tier 1,Departmental Store,27
16.67,Regular,0.033,Fruits and Vegetables,233.57,Medium,Tier 1,Departmental Store,27
14.82,Low Sugar,0.072,Breakfast,178.16,High,Tier 2,Supermarket Type1,39
11.09,Low Sugar,0.158,Soft Drinks,153.24,Medium,Tier 2,Supermarket Type2,17
11.72,Low Sugar,0.057,Dairy,155.53,Medium,Tier 2,Supermarket Type2,17
12.0,Low Sugar,0.097,Snack Foods,157.77,Medium,Tier 2,Supermarket Type2,17
14.51,Regular,0.09,Snack Foods,189.42,High,Tier 2,Supermarket Type1,39
11.58,No Sugar,0.09,Household,123.81,Medium,Tier 2,Supermarket Type2,17
10.91,Low Sugar,0.099,Baking Goods,109.32,Small,Tier 3,Food Mart,28
14.88,Low Sugar,0.292,Dairy,186.77,High,Tier 2,Supermarket Type1,39
11.07,No Sugar,0.031,Others,136.57,Medium,Tier 2,Supermarket Type2,17
10.92,No Sugar,0.087,Household,116.87,Small,Tier 3,Food Mart,28
14.79,No Sugar,0.144,Health and Hygiene,128.07,Medium,Tier 2,Supermarket Type2,17
12.7,Regular,0.076,Meat,107.86,Medium,Tier 2,Supermarket Type2,17
12.1,No Sugar,0.057,Others,201.72,Medium,Tier 1,Departmental Store,27
12.42,Low Sugar,0.119,Soft Drinks,168.13,Medium,Tier 2,Supermarket Type2,17
10.19,Regular,0.129,Dairy,115.6,Small,Tier 3,Food Mart,28
11.9,Low Sugar,0.067,Baking Goods,158.76,Medium,Tier 2,Supermarket Type2,17
9.46,Regular,0.119,Baking Goods,73.87,Small,Tier 3,Food Mart,28
12.52,Low Sugar,0.142,Snack Foods,158.05,Medium,Tier 2,Supermarket Type2,17
14.47,Low Sugar,0.033,Fruits and Vegetables,181.67,High,Tier 2,Supermarket Type1,39
11.18,No Sugar,0.107,Household,100.57,Small,Tier 3,Food Mart,28
11.94,No Sugar,0.138,Household,176.77,Medium,Tier 2,Supermarket Type2,17
11.07,Low Sugar,0.128,Meat,108.41,High,Tier 2,Supermarket Type1,39
11.16,Low Sugar,0.014,Breads,162.72,Medium,Tier 2,Supermarket Type2,17
15.6,Low Sugar,0.128,Meat,142.9,High,Tier 2,Supermarket Type1,39
17.44,No Sugar,0.094,Others,181.24,Medium,Tier 1,Departmental Store,27
13.64,Low Sugar,0.021,Frozen Foods,135.83,Medium,Tier 2,Supermarket Type2,17
12.55,No Sugar,0.102,Household,140.58,Medium,Tier 2,Supermarket Type2,17
11.65,Low Sugar,0.035,Soft Drinks,153.25,Medium,Tier 2,Supermarket Type2,17
8.19,No Sugar,0.049,Health and Hygiene,137.13,Small,Tier 3,Food Mart,28
13.82,No Sugar,0.104,Household,197.84,High,Tier 2,Supermarket Type1,39
12.51,Low Sugar,0.066,Soft Drinks,173.85,Medium,Tier 2,Supermarket Type2,17
14.08,Low Sugar,0.046,Baking Goods,147.01,Medium,Tier 2,Supermarket Type2,17
11.42,Low Sugar,0.034,Meat,156.9,Medium,Tier 2,Supermarket Type2,17
12.98,No Sugar,0.123,Health and Hygiene,129.04,Medium,Tier 2,Supermarket Type2,17
9.65,Low Sugar,0.06,Dairy,109.18,Small,Tier 3,Food Mart,28
12.56,Low Sugar,0.092,Snack Foods,161.24,Medium,Tier 2,Supermarket Type2,17
11.48,Regular,0.025,Baking Goods,159.46,Medium,Tier 2,Supermarket Type2,17
12.05,Low Sugar,0.041,Dairy,143.47,Medium,Tier 2,Supermarket Type2,17
11.9,No Sugar,0.151,Others,207.46,High,Tier 2,Supermarket Type1,39
14.37,Low Sugar,0.154,Dairy,126.74,Medium,Tier 2,Supermarket Type2,17
14.05,Low Sugar,0.191,Snack Foods,130.02,Medium,Tier 2,Supermarket Type2,17
10.52,Low Sugar,0.079,Canned,181.03,Medium,Tier 2,Supermarket Type2,17
9.29,No Sugar,0.034,Household,127.26,Small,Tier 3,Food Mart,28
9.11,Low Sugar,0.022,Soft Drinks,97.82,Small,Tier 3,Food Mart,28
14.88,Low Sugar,0.026,Canned,139.44,Medium,Tier 2,Supermarket Type2,17
15.47,Low Sugar,0.159,Fruits and Vegetables,180.54,High,Tier 2,Supermarket Type1,39
10.36,Regular,0.021,Meat,137.03,Medium,Tier 2,Supermarket Type2,17
14.83,Low Sugar,0.009,Fruits and Vegetables,161.92,Medium,Tier 1,Departmental Store,27
10.77,No Sugar,0.081,Health and Hygiene,139.28,Medium,Tier 2,Supermarket Type2,17
12.8,Low Sugar,0.085,Breads,139.4,Medium,Tier 2,Supermarket Type2,17
9.16,Low Sugar,0.016,Hard Drinks,97.23,Small,Tier 3,Food Mart,28
13.43,Low Sugar,0.01,Fruits and Vegetables,134.38,Medium,Tier 2,Supermarket Type2,17
13.53,Regular,0.136,Baking Goods,133.19,Medium,Tier 2,Supermarket Type2,17
13.74,Low Sugar,0.027,Canned,142.6,Medium,Tier 2,Supermarket Type2,17
12.72,Regular,0.119,Canned,125.06,Medium,Tier 2,Supermarket Type2,17
11.91,Low Sugar,0.127,Hard Drinks,159.0,Medium,Tier 2,Supermarket Type2,17
17.34,Low Sugar,0.025,Snack Foods,239.31,Medium,Tier 1,Departmental Store,27
11.38,Low Sugar,0.013,Seafood,128.73,Medium,Tier 2,Supermarket Type2,17
10.86,Regular,0.08,Canned,208.49,Small,Tier 3,Food Mart,28
12.89,Low Sugar,0.154,Baking Goods,120.58,Medium,Tier 2,Supermarket Type2,17
10.84,Regular,0.066,Meat,120.6,Medium,Tier 2,Supermarket Type2,17
13.84,Low Sugar,0.054,Baking Goods,149.18,Medium,Tier 2,Supermarket Type2,17
15.32,Low Sugar,0.033,Fruits and Vegetables,166.49,Medium,Tier 1,Departmental Store,27
14.63,Regular,0.112,Fruits and Vegetables,191.61,High,Tier 2,Supermarket Type1,39
15.67,Low Sugar,0.041,Canned,171.66,High,Tier 2,Supermarket Type1,39
14.5,Regular,0.033,Starchy Foods,177.73,Medium,Tier 1,Departmental Store,27
12.66,No Sugar,0.141,Health and Hygiene,146.25,Medium,Tier 2,Supermarket Type2,17
13.7,Regular,0.03,Fruits and Vegetables,147.42,Medium,Tier 2,Supermarket Type2,17
12.53,Low Sugar,0.036,Meat,131.28,Medium,Tier 2,Supermarket Type2,17
11.41,Regular,0.099,Dairy,167.06,Medium,Tier 2,Supermarket Type2,17
13.25,Low Sugar,0.091,Soft Drinks,111.71,Medium,Tier 2,Supermarket Type2,17
12.25,Low Sugar,0.012,Hard Drinks,188.2,Medium,Tier 1,Departmental Store,27
12.65,Low Sugar,0.031,Soft Drinks,143.48,Medium,Tier 2,Supermarket Type2,17
17.21,Low Sugar,0.033,Fruits and Vegetables,199.57,Medium,Tier 1,Departmental Store,27
9.01,Regular,0.099,Fruits and Vegetables,53.86,Small,Tier 3,Food Mart,28
8.81,No Sugar,0.026,Others,89.94,Small,Tier 3,Food Mart,28
15.52,No Sugar,0.044,Others,185.24,High,Tier 2,Supermarket Type1,39
14.91,Regular,0.042,Meat,172.32,Medium,Tier 1,Departmental Store,27
11.49,Regular,0.064,Canned,148.49,Medium,Tier 2,Supermarket Type2,17
14.07,Low Sugar,0.1,Breads,138.43,Medium,Tier 2,Supermarket Type2,17
12.54,Low Sugar,0.188,Soft Drinks,113.72,Medium,Tier 2,Supermarket Type2,17
18.54,Low Sugar,0.057,Breads,171.9,Medium,Tier 1,Departmental Store,27
9.21,Regular,0.113,Dairy,80.14,Small,Tier 3,Food Mart,28
15.2,Low Sugar,0.077,Frozen Foods,184.73,Medium,Tier 1,Departmental Store,27
11.51,Regular,0.161,Canned,141.2,Medium,Tier 2,Supermarket Type2,17
12.5,reg,0.071,Canned,144.48,Medium,Tier 2,Supermarket Type2,17
9.35,Low Sugar,0.049,Canned,102.96,Small,Tier 3,Food Mart,28
15.55,Regular,0.081,Snack Foods,207.8,Medium,Tier 1,Departmental Store,27
10.55,Low Sugar,0.096,Snack Foods,190.65,Medium,Tier 2,Supermarket Type2,17
11.4,Low Sugar,0.174,Soft Drinks,165.93,Medium,Tier 2,Supermarket Type2,17
13.2,Low Sugar,0.124,Fruits and Vegetables,159.31,Medium,Tier 2,Supermarket Type2,17
14.35,Low Sugar,0.039,Dairy,179.76,High,Tier 2,Supermarket Type1,39
16.13,Low Sugar,0.071,Breads,205.27,Medium,Tier 1,Departmental Store,27
15.62,reg,0.052,Frozen Foods,183.02,High,Tier 2,Supermarket Type1,39
13.01,Low Sugar,0.089,Meat,135.16,Medium,Tier 2,Supermarket Type2,17
15.0,No Sugar,0.064,Household,188.52,High,Tier 2,Supermarket Type1,39
15.54,No Sugar,0.025,Health and Hygiene,191.21,Medium,Tier 1,Departmental Store,27
11.16,Low Sugar,0.096,Meat,142.9,Medium,Tier 2,Supermarket Type2,17
9.24,No Sugar,0.024,Household,119.52,Small,Tier 3,Food Mart,28
7.99,Regular,0.016,Frozen Foods,135.44,Small,Tier 3,Food Mart,28
11.11,Low Sugar,0.034,Snack Foods,153.58,Medium,Tier 2,Supermarket Type2,17
15.36,Low Sugar,0.01,Starchy Foods,181.89,High,Tier 2,Supermarket Type1,39
14.2,Regular,0.007,Canned,166.57,Medium,Tier 1,Departmental Store,27
16.94,Regular,0.039,Canned,191.11,Medium,Tier 1,Departmental Store,27
15.9,Low Sugar,0.016,Meat,182.28,Medium,Tier 1,Departmental Store,27
15.6,No Sugar,0.079,Health and Hygiene,163.51,Medium,Tier 1,Departmental Store,27
15.22,Low Sugar,0.011,Starchy Foods,130.5,Medium,Tier 2,Supermarket Type2,17
15.25,Regular,0.085,Canned,122.62,Medium,Tier 2,Supermarket Type2,17
13.97,Low Sugar,0.142,Soft Drinks,142.2,Medium,Tier 2,Supermarket Type2,17
14.41,Low Sugar,0.141,Snack Foods,169.16,Medium,Tier 1,Departmental Store,27
12.85,Low Sugar,0.112,Snack Foods,154.57,Medium,Tier 2,Supermarket Type2,17
10.71,Low Sugar,0.082,Fruits and Vegetables,114.58,High,Tier 2,Supermarket Type1,39
12.69,Low Sugar,0.031,Breads,109.59,Medium,Tier 2,Supermarket Type2,17
10.74,No Sugar,0.015,Health and Hygiene,101.94,Small,Tier 3,Food Mart,28
9.85,Low Sugar,0.09,Soft Drinks,128.55,High,Tier 2,Supermarket Type1,39
11.93,Low Sugar,0.034,Fruits and Vegetables,198.39,Medium,Tier 1,Departmental Store,27
12.98,Regular,0.032,Canned,140.64,Medium,Tier 2,Supermarket Type2,17
14.25,Low Sugar,0.027,Fruits and Vegetables,148.87,Medium,Tier 2,Supermarket Type2,17
14.66,Low Sugar,0.014,Hard Drinks,168.73,Medium,Tier 1,Departmental Store,27
14.86,Low Sugar,0.031,Canned,190.16,High,Tier 2,Supermarket Type1,39
13.35,Low Sugar,0.076,Baking Goods,117.88,Medium,Tier 2,Supermarket Type2,17
13.5,Low Sugar,0.091,Snack Foods,182.58,Medium,Tier 1,Departmental Store,27
12.64,Low Sugar,0.113,Frozen Foods,149.42,Medium,Tier 2,Supermarket Type2,17
8.06,Low Sugar,0.049,Fruits and Vegetables,129.72,Small,Tier 3,Food Mart,28
11.81,Low Sugar,0.12,Fruits and Vegetables,160.44,Medium,Tier 2,Supermarket Type2,17
13.22,Low Sugar,0.164,Snack Foods,123.76,Medium,Tier 2,Supermarket Type2,17
16.13,No Sugar,0.023,Household,189.18,Medium,Tier 1,Departmental Store,27
13.12,Low Sugar,0.177,Dairy,206.69,High,Tier 2,Supermarket Type1,39
13.29,Low Sugar,0.078,Meat,154.82,Medium,Tier 2,Supermarket Type2,17
17.08,Low Sugar,0.174,Frozen Foods,192.86,Medium,Tier 1,Departmental Store,27
11.11,No Sugar,0.297,Health and Hygiene,185.72,Medium,Tier 2,Supermarket Type2,17
11.79,Low Sugar,0.097,Soft Drinks,156.35,Medium,Tier 2,Supermarket Type2,17
12.14,Low Sugar,0.154,Baking Goods,132.23,Medium,Tier 2,Supermarket Type2,17
10.04,Low Sugar,0.168,Snack Foods,111.63,Small,Tier 3,Food Mart,28
11.3,No Sugar,0.059,Household,105.62,High,Tier 2,Supermarket Type1,39
11.36,Regular,0.061,Frozen Foods,126.82,Medium,Tier 2,Supermarket Type2,17
15.07,Low Sugar,0.035,Soft Drinks,158.7,Medium,Tier 1,Departmental Store,27
13.18,No Sugar,0.053,Household,186.55,Medium,Tier 1,Departmental Store,27
8.02,Low Sugar,0.045,Meat,145.98,High,Tier 2,Supermarket Type1,39
13.59,Regular,0.131,Fruits and Vegetables,223.98,Medium,Tier 1,Departmental Store,27
12.02,Regular,0.063,Snack Foods,120.23,Medium,Tier 2,Supermarket Type2,17
9.36,Low Sugar,0.006,Snack Foods,94.31,Small,Tier 3,Food Mart,28
11.11,Low Sugar,0.103,Dairy,127.5,Medium,Tier 2,Supermarket Type2,17
10.59,No Sugar,0.136,Household,173.42,Medium,Tier 2,Supermarket Type2,17
15.38,Regular,0.05,Canned,150.32,High,Tier 2,Supermarket Type1,39
8.64,Low Sugar,0.116,Fruits and Vegetables,105.07,Small,Tier 3,Food Mart,28
10.37,Low Sugar,0.061,Fruits and Vegetables,110.76,Small,Tier 3,Food Mart,28
11.26,Low Sugar,0.104,Dairy,133.62,Medium,Tier 2,Supermarket Type2,17
12.77,Low Sugar,0.027,Baking Goods,146.96,Medium,Tier 2,Supermarket Type2,17
12.15,Low Sugar,0.013,Canned,141.87,Medium,Tier 2,Supermarket Type2,17
14.38,Low Sugar,0.129,Baking Goods,194.04,High,Tier 2,Supermarket Type1,39
11.82,Low Sugar,0.023,Snack Foods,140.98,Medium,Tier 2,Supermarket Type2,17
12.56,Regular,0.031,Snack Foods,158.58,Medium,Tier 1,Departmental Store,27
12.09,Low Sugar,0.129,Soft Drinks,161.54,Medium,Tier 2,Supermarket Type2,17
9.39,Regular,0.018,Fruits and Vegetables,151.86,Medium,Tier 2,Supermarket Type2,17
10.6,Low Sugar,0.039,Frozen Foods,110.61,Small,Tier 3,Food Mart,28
11.78,Low Sugar,0.023,Canned,171.33,Medium,Tier 2,Supermarket Type2,17
18.92,No Sugar,0.152,Others,228.58,Medium,Tier 1,Departmental Store,27
12.85,reg,0.13,Fruits and Vegetables,132.12,Medium,Tier 2,Supermarket Type2,17
11.15,Low Sugar,0.026,Meat,124.33,Medium,Tier 2,Supermarket Type2,17
11.26,Regular,0.055,Fruits and Vegetables,68.44,Small,Tier 3,Food Mart,28
10.28,No Sugar,0.01,Others,148.37,Medium,Tier 2,Supermarket Type2,17
11.31,Regular,0.067,Meat,208.21,Medium,Tier 1,Departmental Store,27
10.5,Low Sugar,0.031,Snack Foods,99.99,Small,Tier 3,Food Mart,28
9.23,Low Sugar,0.08,Soft Drinks,176.94,Medium,Tier 2,Supermarket Type2,17
14.31,Low Sugar,0.109,Snack Foods,151.43,Medium,Tier 2,Supermarket Type2,17
14.75,Low Sugar,0.104,Dairy,148.76,Medium,Tier 2,Supermarket Type2,17
15.67,Low Sugar,0.077,Baking Goods,191.78,Medium,Tier 1,Departmental Store,27
11.72,Low Sugar,0.023,Dairy,169.4,Medium,Tier 2,Supermarket Type2,17
12.8,Regular,0.075,Fruits and Vegetables,144.69,Medium,Tier 2,Supermarket Type2,17
13.85,No Sugar,0.036,Health and Hygiene,154.78,Medium,Tier 2,Supermarket Type2,17
13.66,Regular,0.108,Frozen Foods,81.08,High,Tier 2,Supermarket Type1,39
14.07,Regular,0.077,Canned,197.49,High,Tier 2,Supermarket Type1,39
13.87,Low Sugar,0.099,Snack Foods,116.18,Medium,Tier 2,Supermarket Type2,17
9.29,No Sugar,0.021,Health and Hygiene,67.99,Small,Tier 3,Food Mart,28
15.13,Low Sugar,0.026,Soft Drinks,128.72,Medium,Tier 2,Supermarket Type2,17
12.91,Regular,0.024,Snack Foods,162.0,Medium,Tier 2,Supermarket Type2,17
15.0,Low Sugar,0.04,Dairy,153.86,High,Tier 2,Supermarket Type1,39
15.69,Low Sugar,0.158,Fruits and Vegetables,137.22,Medium,Tier 2,Supermarket Type2,17
13.99,Regular,0.021,Snack Foods,139.73,Medium,Tier 2,Supermarket Type2,17
11.12,Low Sugar,0.074,Baking Goods,129.51,Medium,Tier 2,Supermarket Type2,17
10.9,Low Sugar,0.048,Soft Drinks,140.8,Medium,Tier 2,Supermarket Type2,17
15.17,Regular,0.033,Snack Foods,200.39,Medium,Tier 1,Departmental Store,27
8.9,Low Sugar,0.074,Baking Goods,102.65,Small,Tier 3,Food Mart,28
9.01,Regular,0.046,Fruits and Vegetables,104.24,Medium,Tier 1,Departmental Store,27
14.12,Low Sugar,0.038,Frozen Foods,144.32,Medium,Tier 2,Supermarket Type2,17
11.4,Low Sugar,0.066,Fruits and Vegetables,183.68,Medium,Tier 2,Supermarket Type2,17
11.01,Regular,0.016,Soft Drinks,136.7,Medium,Tier 2,Supermarket Type2,17
14.99,Low Sugar,0.007,Fruits and Vegetables,132.97,Medium,Tier 2,Supermarket Type2,17
10.59,Low Sugar,0.074,Dairy,122.2,High,Tier 2,Supermarket Type1,39
15.04,Low Sugar,0.049,Snack Foods,196.49,Medium,Tier 1,Departmental Store,27
14.66,Low Sugar,0.036,Meat,159.94,High,Tier 2,Supermarket Type1,39
12.13,Regular,0.039,Baking Goods,107.33,Medium,Tier 2,Supermarket Type2,17
13.1,Low Sugar,0.046,Breakfast,133.97,Medium,Tier 2,Supermarket Type2,17
10.69,Low Sugar,0.027,Baking Goods,132.3,Medium,Tier 2,Supermarket Type2,17
10.33,Low Sugar,0.061,Frozen Foods,164.31,Medium,Tier 2,Supermarket Type2,17
12.2,Low Sugar,0.015,Fruits and Vegetables,154.52,Medium,Tier 2,Supermarket Type2,17
12.5,Regular,0.013,Fruits and Vegetables,166.72,Medium,Tier 2,Supermarket Type2,17
13.48,Low Sugar,0.066,Snack Foods,155.23,Medium,Tier 2,Supermarket Type2,17
9.03,Low Sugar,0.015,Soft Drinks,146.39,Medium,Tier 2,Supermarket Type2,17
9.79,Low Sugar,0.062,Dairy,105.19,Small,Tier 3,Food Mart,28
16.72,No Sugar,0.093,Household,221.09,Medium,Tier 1,Departmental Store,27
11.09,Low Sugar,0.022,Meat,130.95,Medium,Tier 2,Supermarket Type2,17
16.21,Low Sugar,0.149,Dairy,153.28,Medium,Tier 1,Departmental Store,27
14.81,No Sugar,0.164,Others,208.64,Medium,Tier 1,Departmental Store,27
10.63,Low Sugar,0.015,Dairy,130.63,Medium,Tier 2,Supermarket Type2,17
14.52,Regular,0.044,Frozen Foods,186.51,High,Tier 2,Supermarket Type1,39
9.63,No Sugar,0.121,Health and Hygiene,142.24,Medium,Tier 2,Supermarket Type2,17
8.18,No Sugar,0.161,Household,154.41,Medium,Tier 2,Supermarket Type2,17
14.05,No Sugar,0.04,Health and Hygiene,137.43,Medium,Tier 2,Supermarket Type2,17
10.86,Low Sugar,0.041,Meat,154.43,Medium,Tier 2,Supermarket Type2,17
11.99,Low Sugar,0.184,Baking Goods,71.29,Small,Tier 3,Food Mart,28
13.19,Regular,0.064,Snack Foods,150.89,Medium,Tier 2,Supermarket Type2,17
12.21,Low Sugar,0.021,Seafood,107.93,Medium,Tier 2,Supermarket Type2,17
15.41,Low Sugar,0.133,Dairy,166.49,Medium,Tier 1,Departmental Store,27
11.87,Low Sugar,0.058,Frozen Foods,140.58,Medium,Tier 2,Supermarket Type2,17
13.54,Regular,0.025,Meat,149.17,Medium,Tier 2,Supermarket Type2,17
13.93,No Sugar,0.086,Health and Hygiene,186.31,High,Tier 2,Supermarket Type1,39
13.7,No Sugar,0.16,Health and Hygiene,184.37,Medium,Tier 1,Departmental Store,27
15.05,Low Sugar,0.047,Frozen Foods,121.48,Medium,Tier 2,Supermarket Type2,17
13.15,Low Sugar,0.143,Breakfast,123.37,Medium,Tier 2,Supermarket Type2,17
10.71,Low Sugar,0.048,Baking Goods,155.95,Medium,Tier 2,Supermarket Type2,17
10.55,Low Sugar,0.077,Snack Foods,150.88,Medium,Tier 2,Supermarket Type2,17
11.17,Low Sugar,0.076,Snack Foods,132.94,Medium,Tier 2,Supermarket Type2,17
9.85,No Sugar,0.021,Health and Hygiene,171.56,Medium,Tier 2,Supermarket Type2,17
11.79,No Sugar,0.11,Others,106.73,High,Tier 2,Supermarket Type1,39
12.61,Regular,0.042,Snack Foods,132.58,Medium,Tier 2,Supermarket Type2,17
11.61,Regular,0.035,Canned,123.09,Medium,Tier 2,Supermarket Type2,17
11.52,No Sugar,0.058,Household,101.99,Small,Tier 3,Food Mart,28
16.58,Low Sugar,0.052,Frozen Foods,159.67,High,Tier 2,Supermarket Type1,39
14.36,Low Sugar,0.039,Canned,117.03,Medium,Tier 2,Supermarket Type2,17
14.36,Low Sugar,0.107,Fruits and Vegetables,164.93,Medium,Tier 1,Departmental Store,27
12.63,Low Sugar,0.039,Breads,124.77,Medium,Tier 2,Supermarket Type2,17
15.42,Low Sugar,0.028,Dairy,181.59,High,Tier 2,Supermarket Type1,39
13.68,Low Sugar,0.063,Fruits and Vegetables,114.36,Medium,Tier 2,Supermarket Type2,17
9.98,No Sugar,0.024,Household,186.83,Medium,Tier 2,Supermarket Type2,17
10.3,Low Sugar,0.098,Soft Drinks,142.54,Medium,Tier 2,Supermarket Type2,17
12.33,Regular,0.044,Fruits and Vegetables,116.39,Medium,Tier 2,Supermarket Type2,17
13.65,Regular,0.014,Fruits and Vegetables,157.15,Medium,Tier 2,Supermarket Type2,17
9.67,Low Sugar,0.064,Baking Goods,133.88,Medium,Tier 2,Supermarket Type2,17
9.56,No Sugar,0.098,Household,94.4,Small,Tier 3,Food Mart,28
11.68,Regular,0.04,Breads,128.59,Medium,Tier 2,Supermarket Type2,17
11.31,No Sugar,0.099,Health and Hygiene,152.64,Medium,Tier 2,Supermarket Type2,17
13.26,Low Sugar,0.024,Breads,156.17,Medium,Tier 2,Supermarket Type2,17
14.08,reg,0.074,Breads,127.51,Medium,Tier 2,Supermarket Type2,17
12.89,Low Sugar,0.153,Soft Drinks,170.29,Medium,Tier 2,Supermarket Type2,17
13.81,Low Sugar,0.034,Dairy,189.95,High,Tier 2,Supermarket Type1,39
13.22,No Sugar,0.022,Household,124.22,Medium,Tier 2,Supermarket Type2,17
16.69,Regular,0.147,Canned,169.3,Medium,Tier 1,Departmental Store,27
11.25,No Sugar,0.021,Household,144.48,Medium,Tier 2,Supermarket Type2,17
16.35,No Sugar,0.06,Household,153.6,Medium,Tier 1,Departmental Store,27
13.81,No Sugar,0.11,Household,154.16,Medium,Tier 2,Supermarket Type2,17
15.52,Low Sugar,0.085,Snack Foods,191.57,Medium,Tier 1,Departmental Store,27
10.0,Low Sugar,0.023,Starchy Foods,146.58,Medium,Tier 2,Supermarket Type2,17
11.7,Low Sugar,0.032,Canned,156.24,Medium,Tier 2,Supermarket Type2,17
11.74,No Sugar,0.09,Household,159.96,Medium,Tier 2,Supermarket Type2,17
10.57,Low Sugar,0.065,Frozen Foods,116.43,High,Tier 2,Supermarket Type1,39
12.86,Low Sugar,0.107,Snack Foods,176.41,High,Tier 2,Supermarket Type1,39
13.9,Low Sugar,0.035,Fruits and Vegetables,118.48,Medium,Tier 2,Supermarket Type2,17
10.95,Low Sugar,0.061,Soft Drinks,110.82,High,Tier 2,Supermarket Type1,39
9.54,Regular,0.046,Fruits and Vegetables,136.88,Medium,Tier 2,Supermarket Type2,17
9.83,No Sugar,0.105,Health and Hygiene,118.26,Small,Tier 3,Food Mart,28
11.4,Low Sugar,0.048,Baking Goods,143.79,Medium,Tier 2,Supermarket Type2,17
15.38,Regular,0.017,Breakfast,185.92,High,Tier 2,Supermarket Type1,39
13.35,Low Sugar,0.118,Hard Drinks,120.89,Medium,Tier 2,Supermarket Type2,17
11.51,Low Sugar,0.089,Fruits and Vegetables,146.47,Medium,Tier 2,Supermarket Type2,17
13.58,Regular,0.064,Baking Goods,168.84,High,Tier 2,Supermarket Type1,39
11.82,Low Sugar,0.073,Snack Foods,118.41,Medium,Tier 2,Supermarket Type2,17
13.88,Low Sugar,0.098,Fruits and Vegetables,191.35,High,Tier 2,Supermarket Type1,39
10.87,Low Sugar,0.047,Fruits and Vegetables,103.68,Small,Tier 3,Food Mart,28
15.51,No Sugar,0.118,Household,164.9,Medium,Tier 1,Departmental Store,27
7.86,No Sugar,0.036,Health and Hygiene,95.79,Small,Tier 3,Food Mart,28
12.43,Regular,0.021,Meat,152.28,Medium,Tier 2,Supermarket Type2,17
7.22,Low Sugar,0.093,Fruits and Vegetables,123.14,Small,Tier 3,Food Mart,28
12.94,Regular,0.028,Canned,114.81,Medium,Tier 2,Supermarket Type2,17
11.91,Low Sugar,0.045,Dairy,129.12,Medium,Tier 2,Supermarket Type2,17
9.28,No Sugar,0.145,Household,110.31,Small,Tier 3,Food Mart,28
10.92,Low Sugar,0.12,Snack Foods,149.64,Medium,Tier 2,Supermarket Type2,17
12.45,Low Sugar,0.038,Snack Foods,160.71,Medium,Tier 2,Supermarket Type2,17
12.26,Low Sugar,0.057,Fruits and Vegetables,136.75,Medium,Tier 2,Supermarket Type2,17
8.49,Low Sugar,0.042,Fruits and Vegetables,119.53,Small,Tier 3,Food Mart,28
13.3,No Sugar,0.071,Household,207.75,High,Tier 2,Supermarket Type1,39
14.64,Low Sugar,0.052,Fruits and Vegetables,185.13,Small,Tier 3,Food Mart,28
10.57,Low Sugar,0.09,Snack Foods,139.77,Medium,Tier 2,Supermarket Type2,17
15.37,Low Sugar,0.033,Meat,134.74,Medium,Tier 2,Supermarket Type2,17
12.74,Low Sugar,0.058,Starchy Foods,112.05,Medium,Tier 2,Supermarket Type2,17
14.09,Low Sugar,0.073,Meat,159.22,High,Tier 2,Supermarket Type1,39
14.32,No Sugar,0.185,Household,148.83,Medium,Tier 2,Supermarket Type2,17
10.27,Regular,0.105,Soft Drinks,123.79,Small,Tier 3,Food Mart,28
14.67,Regular,0.062,Baking Goods,157.49,High,Tier 2,Supermarket Type1,39
14.55,Low Sugar,0.08,Baking Goods,186.12,High,Tier 2,Supermarket Type1,39
10.96,Low Sugar,0.056,Snack Foods,112.35,High,Tier 2,Supermarket Type1,39
11.11,Low Sugar,0.025,Snack Foods,157.92,Medium,Tier 2,Supermarket Type2,17
12.42,No Sugar,0.044,Health and Hygiene,180.1,High,Tier 2,Supermarket Type1,39
16.96,Regular,0.173,Fruits and Vegetables,204.5,Medium,Tier 1,Departmental Store,27
9.8,Low Sugar,0.142,Fruits and Vegetables,97.05,Small,Tier 3,Food Mart,28
10.48,Regular,0.144,Snack Foods,80.3,Small,Tier 3,Food Mart,28
13.99,Low Sugar,0.071,Breads,166.83,High,Tier 2,Supermarket Type1,39
14.64,Low Sugar,0.071,Frozen Foods,178.84,High,Tier 2,Supermarket Type1,39
12.92,Regular,0.01,Baking Goods,173.23,High,Tier 2,Supermarket Type1,39
12.61,Low Sugar,0.025,Snack Foods,152.36,Medium,Tier 2,Supermarket Type2,17
10.88,Low Sugar,0.078,Soft Drinks,158.85,Medium,Tier 2,Supermarket Type2,17
15.73,Low Sugar,0.089,Starchy Foods,173.7,High,Tier 2,Supermarket Type1,39
13.94,No Sugar,0.011,Household,171.51,Medium,Tier 1,Departmental Store,27
12.28,Low Sugar,0.011,Snack Foods,127.58,Medium,Tier 2,Supermarket Type2,17
12.53,Low Sugar,0.042,Dairy,165.88,Medium,Tier 2,Supermarket Type2,17
9.12,Low Sugar,0.017,Soft Drinks,153.09,Small,Tier 3,Food Mart,28
13.31,Low Sugar,0.053,Baking Goods,168.1,High,Tier 2,Supermarket Type1,39
14.15,No Sugar,0.126,Health and Hygiene,155.8,Medium,Tier 2,Supermarket Type2,17
8.9,Regular,0.066,Breads,109.33,High,Tier 2,Supermarket Type1,39
8.73,No Sugar,0.083,Health and Hygiene,114.76,Small,Tier 3,Food Mart,28
14.68,Low Sugar,0.162,Fruits and Vegetables,115.68,Medium,Tier 2,Supermarket Type2,17
11.8,Regular,0.112,Snack Foods,142.17,Medium,Tier 2,Supermarket Type2,17
10.24,Low Sugar,0.056,Fruits and Vegetables,114.45,Small,Tier 3,Food Mart,28
13.42,Regular,0.089,Fruits and Vegetables,162.27,Medium,Tier 2,Supermarket Type2,17
13.56,Regular,0.017,Frozen Foods,150.12,Medium,Tier 2,Supermarket Type2,17
16.14,Low Sugar,0.112,Soft Drinks,198.44,Medium,Tier 1,Departmental Store,27
11.43,Low Sugar,0.228,Fruits and Vegetables,137.91,Medium,Tier 2,Supermarket Type2,17
9.22,Regular,0.038,Frozen Foods,143.8,Medium,Tier 2,Supermarket Type2,17
15.72,Regular,0.074,Fruits and Vegetables,150.69,Medium,Tier 1,Departmental Store,27
11.76,Regular,0.093,Canned,169.01,Small,Tier 3,Food Mart,28
16.59,Low Sugar,0.053,Soft Drinks,206.71,Medium,Tier 1,Departmental Store,27
12.76,No Sugar,0.157,Health and Hygiene,146.07,Medium,Tier 2,Supermarket Type2,17
13.38,Low Sugar,0.035,Fruits and Vegetables,135.53,Medium,Tier 2,Supermarket Type2,17
12.85,Low Sugar,0.086,Baking Goods,148.49,Medium,Tier 2,Supermarket Type2,17
14.45,Regular,0.021,Dairy,196.06,High,Tier 2,Supermarket Type1,39
11.29,Regular,0.084,Baking Goods,96.76,Small,Tier 3,Food Mart,28
14.14,Low Sugar,0.011,Baking Goods,159.49,High,Tier 2,Supermarket Type1,39
13.36,No Sugar,0.015,Others,178.89,Medium,Tier 1,Departmental Store,27
11.25,Low Sugar,0.142,Baking Goods,101.79,Small,Tier 3,Food Mart,28
12.79,No Sugar,0.076,Household,136.98,Medium,Tier 2,Supermarket Type2,17
12.68,Regular,0.137,Canned,187.68,Medium,Tier 1,Departmental Store,27
9.64,Low Sugar,0.094,Baking Goods,160.96,Medium,Tier 2,Supermarket Type2,17
10.56,Regular,0.009,Dairy,106.88,Small,Tier 3,Food Mart,28
12.12,Low Sugar,0.099,Fruits and Vegetables,152.1,Medium,Tier 2,Supermarket Type2,17
10.9,reg,0.066,Snack Foods,155.17,Medium,Tier 2,Supermarket Type2,17
12.92,Low Sugar,0.017,Baking Goods,133.41,Medium,Tier 2,Supermarket Type2,17
12.45,Low Sugar,0.057,Meat,114.21,Medium,Tier 2,Supermarket Type2,17
13.64,Low Sugar,0.044,Soft Drinks,174.57,Medium,Tier 1,Departmental Store,27
10.69,Low Sugar,0.033,Dairy,152.95,Medium,Tier 2,Supermarket Type2,17
8.49,Regular,0.052,Baking Goods,108.7,Small,Tier 3,Food Mart,28
14.32,Regular,0.075,Baking Goods,154.88,Medium,Tier 2,Supermarket Type2,17
14.25,Regular,0.012,Meat,152.66,Medium,Tier 2,Supermarket Type2,17
13.4,Low Sugar,0.112,Fruits and Vegetables,138.94,Medium,Tier 2,Supermarket Type2,17
12.89,Regular,0.072,Breakfast,120.8,Medium,Tier 2,Supermarket Type2,17
14.97,No Sugar,0.118,Health and Hygiene,166.95,Medium,Tier 1,Departmental Store,27
13.83,Low Sugar,0.052,Canned,122.34,Medium,Tier 2,Supermarket Type2,17
12.68,Low Sugar,0.094,Frozen Foods,142.13,Medium,Tier 2,Supermarket Type2,17
13.8,Low Sugar,0.173,Dairy,159.88,Medium,Tier 2,Supermarket Type2,17
13.8,Low Sugar,0.015,Fruits and Vegetables,163.96,High,Tier 2,Supermarket Type1,39
14.64,Regular,0.033,Fruits and Vegetables,205.15,Medium,Tier 1,Departmental Store,27
10.4,Low Sugar,0.07,Snack Foods,161.33,Medium,Tier 2,Supermarket Type2,17
17.48,Low Sugar,0.041,Breads,223.98,Medium,Tier 1,Departmental Store,27
9.16,Regular,0.064,Snack Foods,155.97,Medium,Tier 2,Supermarket Type2,17
12.25,Low Sugar,0.061,Baking Goods,164.38,Medium,Tier 2,Supermarket Type2,17
9.36,No Sugar,0.026,Household,149.56,Medium,Tier 2,Supermarket Type2,17
9.03,Low Sugar,0.021,Frozen Foods,119.89,Small,Tier 3,Food Mart,28
11.43,Low Sugar,0.028,Soft Drinks,174.7,Medium,Tier 2,Supermarket Type2,17
11.92,Low Sugar,0.053,Fruits and Vegetables,138.27,Medium,Tier 2,Supermarket Type2,17
11.41,Low Sugar,0.031,Frozen Foods,112.43,High,Tier 2,Supermarket Type1,39
13.1,Low Sugar,0.039,Canned,123.62,Medium,Tier 2,Supermarket Type2,17
11.73,No Sugar,0.066,Household,137.3,Medium,Tier 2,Supermarket Type2,17
12.53,No Sugar,0.123,Household,141.93,Medium,Tier 2,Supermarket Type2,17
14.17,No Sugar,0.045,Health and Hygiene,180.95,Medium,Tier 1,Departmental Store,27
13.9,Low Sugar,0.042,Frozen Foods,143.41,Medium,Tier 2,Supermarket Type2,17
12.71,Low Sugar,0.093,Fruits and Vegetables,147.6,Medium,Tier 2,Supermarket Type2,17
15.27,Low Sugar,0.066,Fruits and Vegetables,142.28,Medium,Tier 2,Supermarket Type2,17
13.24,No Sugar,0.128,Health and Hygiene,136.87,Medium,Tier 2,Supermarket Type2,17
13.56,Low Sugar,0.033,Baking Goods,105.73,Medium,Tier 2,Supermarket Type2,17
14.45,Regular,0.024,Snack Foods,86.51,Medium,Tier 2,Supermarket Type2,17
12.29,Low Sugar,0.1,Snack Foods,101.8,High,Tier 2,Supermarket Type1,39
12.36,No Sugar,0.106,Others,106.18,Medium,Tier 2,Supermarket Type2,17
15.94,No Sugar,0.067,Household,176.93,High,Tier 2,Supermarket Type1,39
13.2,No Sugar,0.033,Household,160.93,Medium,Tier 2,Supermarket Type2,17
11.95,No Sugar,0.062,Household,168.29,Medium,Tier 2,Supermarket Type2,17
11.74,Low Sugar,0.057,Dairy,169.77,Medium,Tier 2,Supermarket Type2,17
12.7,Regular,0.131,Fruits and Vegetables,201.4,High,Tier 2,Supermarket Type1,39
9.37,Low Sugar,0.019,Meat,108.18,Small,Tier 3,Food Mart,28
13.25,Low Sugar,0.115,Breakfast,142.45,Medium,Tier 2,Supermarket Type2,17
10.92,No Sugar,0.156,Household,80.69,Small,Tier 3,Food Mart,28
10.94,Low Sugar,0.113,Dairy,106.85,Small,Tier 3,Food Mart,28
7.94,Low Sugar,0.014,Dairy,101.99,Small,Tier 3,Food Mart,28
15.18,Regular,0.051,Soft Drinks,182.44,High,Tier 2,Supermarket Type1,39
13.57,Regular,0.171,Canned,149.05,Medium,Tier 2,Supermarket Type2,17
9.83,Low Sugar,0.184,Fruits and Vegetables,141.63,Medium,Tier 2,Supermarket Type2,17
9.72,Regular,0.054,Baking Goods,129.03,High,Tier 2,Supermarket Type1,39
16.38,Low Sugar,0.044,Snack Foods,206.95,Medium,Tier 1,Departmental Store,27
12.3,Low Sugar,0.185,Dairy,153.99,Medium,Tier 2,Supermarket Type2,17
12.22,Low Sugar,0.029,Fruits and Vegetables,165.36,Medium,Tier 2,Supermarket Type2,17
14.46,Low Sugar,0.114,Canned,129.24,Medium,Tier 2,Supermarket Type2,17
11.67,No Sugar,0.094,Others,160.0,Medium,Tier 2,Supermarket Type2,17
10.79,Low Sugar,0.022,Snack Foods,134.34,Medium,Tier 2,Supermarket Type2,17
14.59,Low Sugar,0.02,Dairy,149.52,Medium,Tier 2,Supermarket Type2,17
11.36,No Sugar,0.12,Health and Hygiene,108.46,High,Tier 2,Supermarket Type1,39
11.81,Low Sugar,0.082,Dairy,104.35,High,Tier 2,Supermarket Type1,39
9.77,Low Sugar,0.125,Canned,133.15,Medium,Tier 2,Supermarket Type2,17
12.61,Low Sugar,0.048,Fruits and Vegetables,214.03,High,Tier 2,Supermarket Type1,39
12.08,No Sugar,0.056,Others,173.49,Medium,Tier 2,Supermarket Type2,17
13.7,Regular,0.037,Snack Foods,120.04,Medium,Tier 2,Supermarket Type2,17
10.19,Regular,0.113,Baking Goods,171.99,Medium,Tier 2,Supermarket Type2,17
12.22,No Sugar,0.073,Household,125.07,Medium,Tier 2,Supermarket Type2,17
13.26,Low Sugar,0.054,Meat,103.43,Medium,Tier 2,Supermarket Type2,17
12.84,Regular,0.035,Canned,136.82,Medium,Tier 2,Supermarket Type2,17
12.99,Low Sugar,0.121,Fruits and Vegetables,210.15,High,Tier 2,Supermarket Type1,39
17.02,No Sugar,0.027,Household,124.67,Medium,Tier 2,Supermarket Type2,17
14.46,Low Sugar,0.061,Snack Foods,188.66,High,Tier 2,Supermarket Type1,39
16.7,Low Sugar,0.027,Baking Goods,195.8,Medium,Tier 1,Departmental Store,27
10.99,Low Sugar,0.082,Snack Foods,98.81,Small,Tier 3,Food Mart,28
13.73,Regular,0.057,Seafood,165.03,High,Tier 2,Supermarket Type1,39
13.96,Low Sugar,0.01,Snack Foods,166.25,High,Tier 2,Supermarket Type1,39
12.02,Low Sugar,0.117,Frozen Foods,150.87,Medium,Tier 2,Supermarket Type2,17
14.07,Low Sugar,0.042,Baking Goods,184.24,High,Tier 2,Supermarket Type1,39
15.66,Low Sugar,0.075,Fruits and Vegetables,175.18,High,Tier 2,Supermarket Type1,39
8.2,Regular,0.078,Snack Foods,126.68,Small,Tier 3,Food Mart,28
10.77,Low Sugar,0.061,Snack Foods,155.17,Medium,Tier 2,Supermarket Type2,17
11.44,Regular,0.027,Baking Goods,144.18,Medium,Tier 2,Supermarket Type2,17
10.56,Regular,0.151,Snack Foods,119.23,High,Tier 2,Supermarket Type1,39
15.17,No Sugar,0.01,Household,167.63,Medium,Tier 1,Departmental Store,27
10.79,Low Sugar,0.015,Fruits and Vegetables,106.14,Small,Tier 3,Food Mart,28
12.24,Low Sugar,0.072,Frozen Foods,157.59,Medium,Tier 2,Supermarket Type2,17
11.96,Regular,0.21,Snack Foods,189.37,High,Tier 2,Supermarket Type1,39
12.74,Low Sugar,0.064,Frozen Foods,182.38,High,Tier 2,Supermarket Type1,39
14.63,Low Sugar,0.044,Dairy,110.11,Medium,Tier 2,Supermarket Type2,17
15.45,No Sugar,0.058,Health and Hygiene,115.99,Medium,Tier 2,Supermarket Type2,17
10.08,Low Sugar,0.206,Frozen Foods,165.9,Medium,Tier 2,Supermarket Type2,17
14.2,Low Sugar,0.035,Fruits and Vegetables,170.12,Medium,Tier 1,Departmental Store,27
12.05,Low Sugar,0.09,Snack Foods,152.19,Medium,Tier 2,Supermarket Type2,17
10.76,Regular,0.038,Snack Foods,79.01,Small,Tier 3,Food Mart,28
10.5,Low Sugar,0.041,Meat,95.15,Small,Tier 3,Food Mart,28
13.78,No Sugar,0.022,Household,175.16,Medium,Tier 1,Departmental Store,27
12.75,Low Sugar,0.091,Snack Foods,145.24,Medium,Tier 2,Supermarket Type2,17
13.97,Low Sugar,0.121,Baking Goods,170.29,Medium,Tier 1,Departmental Store,27
9.13,Low Sugar,0.027,Fruits and Vegetables,121.09,Small,Tier 3,Food Mart,28
14.67,Low Sugar,0.02,Dairy,143.9,Medium,Tier 2,Supermarket Type2,17
14.48,Low Sugar,0.137,Canned,207.57,Medium,Tier 1,Departmental Store,27
12.62,Low Sugar,0.049,Frozen Foods,119.51,Medium,Tier 2,Supermarket Type2,17
11.43,Regular,0.079,Snack Foods,156.09,Medium,Tier 2,Supermarket Type2,17
13.5,Low Sugar,0.044,Fruits and Vegetables,186.3,Medium,Tier 1,Departmental Store,27
14.86,Regular,0.027,Meat,146.48,Medium,Tier 2,Supermarket Type2,17
15.38,No Sugar,0.031,Household,161.11,Medium,Tier 1,Departmental Store,27
8.7,Regular,0.028,Fruits and Vegetables,111.26,Small,Tier 3,Food Mart,28
14.94,Low Sugar,0.067,Snack Foods,181.94,High,Tier 2,Supermarket Type1,39
10.12,Regular,0.175,Canned,120.08,High,Tier 2,Supermarket Type1,39
12.24,Regular,0.023,Starchy Foods,107.71,Medium,Tier 2,Supermarket Type2,17
14.3,Low Sugar,0.14,Dairy,199.39,High,Tier 2,Supermarket Type1,39
12.84,Low Sugar,0.024,Frozen Foods,201.1,High,Tier 2,Supermarket Type1,39
12.64,Regular,0.031,Dairy,162.45,Medium,Tier 2,Supermarket Type2,17
9.87,Low Sugar,0.033,Fruits and Vegetables,123.13,High,Tier 2,Supermarket Type1,39
14.38,Low Sugar,0.009,Fruits and Vegetables,114.96,Medium,Tier 2,Supermarket Type2,17
13.97,No Sugar,0.047,Others,119.68,Medium,Tier 2,Supermarket Type2,17
11.67,Low Sugar,0.035,Snack Foods,183.87,Medium,Tier 1,Departmental Store,27
16.0,Low Sugar,0.053,Seafood,229.49,Medium,Tier 1,Departmental Store,27
13.52,Low Sugar,0.036,Fruits and Vegetables,77.36,Small,Tier 3,Food Mart,28
15.34,Regular,0.092,Snack Foods,139.39,Medium,Tier 2,Supermarket Type2,17
19.14,Low Sugar,0.103,Hard Drinks,216.81,Medium,Tier 1,Departmental Store,27
13.67,Regular,0.151,Snack Foods,168.3,High,Tier 2,Supermarket Type1,39
13.0,Low Sugar,0.12,Dairy,171.38,High,Tier 2,Supermarket Type1,39
13.02,Regular,0.061,Fruits and Vegetables,151.74,Medium,Tier 2,Supermarket Type2,17
10.72,Low Sugar,0.075,Meat,178.03,Medium,Tier 2,Supermarket Type2,17
12.38,Low Sugar,0.039,Meat,145.95,Medium,Tier 2,Supermarket Type2,17
14.93,No Sugar,0.064,Household,148.93,High,Tier 2,Supermarket Type1,39
13.66,Low Sugar,0.028,Starchy Foods,197.68,High,Tier 2,Supermarket Type1,39
12.45,Regular,0.054,Hard Drinks,126.01,Medium,Tier 2,Supermarket Type2,17
11.55,No Sugar,0.024,Household,139.84,Medium,Tier 2,Supermarket Type2,17
12.59,Low Sugar,0.023,Meat,141.77,Medium,Tier 2,Supermarket Type2,17
11.85,Low Sugar,0.016,Meat,200.43,High,Tier 2,Supermarket Type1,39
7.16,Low Sugar,0.021,Frozen Foods,103.64,Small,Tier 3,Food Mart,28
10.25,Low Sugar,0.117,Snack Foods,186.3,Medium,Tier 2,Supermarket Type2,17
12.24,Low Sugar,0.123,Dairy,130.53,Medium,Tier 2,Supermarket Type2,17
13.23,Low Sugar,0.191,Snack Foods,129.25,Medium,Tier 2,Supermarket Type2,17
14.9,No Sugar,0.018,Household,145.98,Medium,Tier 2,Supermarket Type2,17
13.36,Regular,0.04,Fruits and Vegetables,113.38,Medium,Tier 2,Supermarket Type2,17
13.35,Low Sugar,0.044,Fruits and Vegetables,203.4,High,Tier 2,Supermarket Type1,39
10.78,Low Sugar,0.178,Frozen Foods,86.3,Small,Tier 3,Food Mart,28
13.4,Regular,0.079,Soft Drinks,211.17,High,Tier 2,Supermarket Type1,39
12.64,No Sugar,0.061,Health and Hygiene,160.89,Medium,Tier 2,Supermarket Type2,17
14.72,Low Sugar,0.168,Soft Drinks,142.38,Medium,Tier 2,Supermarket Type2,17
14.07,Low Sugar,0.014,Hard Drinks,190.42,High,Tier 2,Supermarket Type1,39
13.31,Regular,0.011,Soft Drinks,171.77,High,Tier 2,Supermarket Type1,39
14.11,Low Sugar,0.208,Soft Drinks,155.56,Medium,Tier 2,Supermarket Type2,17
11.27,Regular,0.047,Meat,136.46,Medium,Tier 2,Supermarket Type2,17
10.66,Low Sugar,0.049,Fruits and Vegetables,129.8,Medium,Tier 2,Supermarket Type2,17
10.73,Low Sugar,0.044,Frozen Foods,109.2,Small,Tier 3,Food Mart,28
12.63,No Sugar,0.045,Health and Hygiene,156.96,Medium,Tier 2,Supermarket Type2,17
12.63,Regular,0.009,Canned,142.0,Medium,Tier 2,Supermarket Type2,17
11.52,Regular,0.023,Frozen Foods,177.78,Medium,Tier 2,Supermarket Type2,17
8.65,No Sugar,0.119,Household,140.56,High,Tier 2,Supermarket Type1,39
12.2,Regular,0.045,Snack Foods,134.63,Medium,Tier 2,Supermarket Type2,17
8.53,Regular,0.066,Fruits and Vegetables,85.88,Medium,Tier 1,Departmental Store,27
11.69,No Sugar,0.035,Others,183.71,Medium,Tier 2,Supermarket Type2,17
17.14,Regular,0.127,Starchy Foods,225.33,Medium,Tier 1,Departmental Store,27
10.63,No Sugar,0.129,Household,105.06,High,Tier 2,Supermarket Type1,39
13.37,Low Sugar,0.067,Fruits and Vegetables,135.98,Medium,Tier 2,Supermarket Type2,17
12.17,Low Sugar,0.173,Snack Foods,79.19,Small,Tier 3,Food Mart,28
13.35,Regular,0.067,Dairy,139.96,Medium,Tier 2,Supermarket Type2,17
8.55,Regular,0.123,Snack Foods,90.0,Small,Tier 3,Food Mart,28
15.27,Low Sugar,0.108,Frozen Foods,159.79,Medium,Tier 1,Departmental Store,27
10.7,Low Sugar,0.041,Seafood,86.35,Small,Tier 3,Food Mart,28
13.39,No Sugar,0.019,Others,176.72,Medium,Tier 1,Departmental Store,27
14.52,Low Sugar,0.061,Fruits and Vegetables,130.67,Medium,Tier 2,Supermarket Type2,17
13.45,Regular,0.032,Canned,148.69,Medium,Tier 2,Supermarket Type2,17
9.69,No Sugar,0.02,Health and Hygiene,71.35,High,Tier 2,Supermarket Type1,39
14.81,Regular,0.021,Baking Goods,108.1,Medium,Tier 2,Supermarket Type2,17
12.95,Low Sugar,0.02,Soft Drinks,144.45,Medium,Tier 2,Supermarket Type2,17
10.96,Low Sugar,0.011,Baking Goods,102.94,Small,Tier 3,Food Mart,28
13.88,Low Sugar,0.036,Dairy,142.94,Medium,Tier 2,Supermarket Type2,17
8.94,No Sugar,0.039,Health and Hygiene,92.18,Small,Tier 3,Food Mart,28
16.65,Low Sugar,0.033,Snack Foods,162.26,High,Tier 2,Supermarket Type1,39
13.17,Regular,0.034,Fruits and Vegetables,164.63,Small,Tier 3,Food Mart,28
17.35,Low Sugar,0.191,Breakfast,188.77,Medium,Tier 1,Departmental Store,27
9.99,Regular,0.118,Snack Foods,148.3,Medium,Tier 2,Supermarket Type2,17
13.14,Low Sugar,0.042,Dairy,132.78,Medium,Tier 2,Supermarket Type2,17
13.98,Regular,0.27,Dairy,121.45,Medium,Tier 2,Supermarket Type2,17
13.67,Regular,0.026,Snack Foods,169.48,High,Tier 2,Supermarket Type1,39
13.25,Regular,0.05,Meat,102.22,Medium,Tier 2,Supermarket Type2,17
13.82,Regular,0.022,Dairy,164.8,High,Tier 2,Supermarket Type1,39
11.46,Low Sugar,0.03,Fruits and Vegetables,154.19,Medium,Tier 2,Supermarket Type2,17
16.64,Low Sugar,0.074,Frozen Foods,177.15,Medium,Tier 1,Departmental Store,27
11.86,No Sugar,0.042,Household,138.15,Medium,Tier 2,Supermarket Type2,17
8.38,Low Sugar,0.038,Fruits and Vegetables,117.28,Small,Tier 3,Food Mart,28
14.29,Regular,0.041,Snack Foods,184.99,High,Tier 2,Supermarket Type1,39
14.03,Low Sugar,0.105,Meat,150.21,Medium,Tier 2,Supermarket Type2,17
14.99,Low Sugar,0.089,Snack Foods,144.06,Medium,Tier 2,Supermarket Type2,17
12.44,No Sugar,0.068,Household,143.3,Medium,Tier 2,Supermarket Type2,17
10.37,Regular,0.069,Meat,122.83,High,Tier 2,Supermarket Type1,39
12.23,Low Sugar,0.052,Snack Foods,160.56,Medium,Tier 2,Supermarket Type2,17
13.34,Low Sugar,0.048,Frozen Foods,154.53,Medium,Tier 1,Departmental Store,27
14.89,Regular,0.131,Canned,171.17,Medium,Tier 1,Departmental Store,27
8.56,Low Sugar,0.035,Fruits and Vegetables,76.33,Small,Tier 3,Food Mart,28
9.38,No Sugar,0.009,Household,96.4,Small,Tier 3,Food Mart,28
13.64,Low Sugar,0.015,Snack Foods,173.34,Medium,Tier 1,Departmental Store,27
13.66,Low Sugar,0.034,Dairy,113.31,Medium,Tier 2,Supermarket Type2,17
13.44,Low Sugar,0.063,Baking Goods,150.64,Medium,Tier 2,Supermarket Type2,17
10.69,No Sugar,0.171,Household,145.44,Medium,Tier 2,Supermarket Type2,17
12.57,Low Sugar,0.036,Starchy Foods,196.84,Medium,Tier 1,Departmental Store,27
10.38,Regular,0.164,Canned,146.6,Medium,Tier 2,Supermarket Type2,17
10.66,Low Sugar,0.046,Fruits and Vegetables,107.51,Small,Tier 3,Food Mart,28
15.46,Low Sugar,0.105,Fruits and Vegetables,105.02,Medium,Tier 2,Supermarket Type2,17
17.03,Low Sugar,0.071,Breads,179.62,Medium,Tier 1,Departmental Store,27
13.14,Regular,0.081,Canned,124.68,Medium,Tier 2,Supermarket Type2,17
10.23,No Sugar,0.015,Health and Hygiene,169.62,Medium,Tier 2,Supermarket Type2,17
14.12,No Sugar,0.059,Others,148.13,Medium,Tier 2,Supermarket Type2,17
11.25,Low Sugar,0.048,Soft Drinks,140.27,Medium,Tier 2,Supermarket Type2,17
17.38,Regular,0.164,Starchy Foods,150.7,High,Tier 2,Supermarket Type1,39
10.29,Regular,0.036,Meat,202.9,High,Tier 2,Supermarket Type1,39
12.07,Low Sugar,0.077,Meat,131.58,Medium,Tier 2,Supermarket Type2,17
15.04,No Sugar,0.018,Others,135.55,Medium,Tier 2,Supermarket Type2,17
15.18,Low Sugar,0.076,Soft Drinks,164.02,Medium,Tier 1,Departmental Store,27
17.64,Low Sugar,0.024,Canned,188.22,Medium,Tier 1,Departmental Store,27
14.48,Regular,0.093,Snack Foods,185.65,High,Tier 2,Supermarket Type1,39
12.68,Low Sugar,0.043,Snack Foods,148.86,Medium,Tier 2,Supermarket Type2,17
16.25,Low Sugar,0.046,Canned,192.27,Medium,Tier 1,Departmental Store,27
11.71,Low Sugar,0.031,Dairy,143.47,Medium,Tier 2,Supermarket Type2,17
12.62,Regular,0.085,Frozen Foods,139.89,Medium,Tier 2,Supermarket Type2,17
12.7,Low Sugar,0.027,Soft Drinks,164.9,Medium,Tier 2,Supermarket Type2,17
14.79,Regular,0.14,Baking Goods,148.09,Medium,Tier 2,Supermarket Type2,17
10.49,Regular,0.087,Fruits and Vegetables,93.74,Small,Tier 3,Food Mart,28
12.26,Regular,0.024,Fruits and Vegetables,133.16,Medium,Tier 2,Supermarket Type2,17
9.99,Low Sugar,0.162,Frozen Foods,116.09,Small,Tier 3,Food Mart,28
10.87,Low Sugar,0.033,Snack Foods,160.36,Medium,Tier 2,Supermarket Type2,17
10.76,Low Sugar,0.007,Baking Goods,171.82,Medium,Tier 2,Supermarket Type2,17
12.93,Regular,0.029,Snack Foods,130.35,Medium,Tier 2,Supermarket Type2,17
11.48,Regular,0.035,Canned,166.51,Medium,Tier 2,Supermarket Type2,17
15.67,Regular,0.045,Fruits and Vegetables,181.27,High,Tier 2,Supermarket Type1,39
10.72,Low Sugar,0.068,Snack Foods,111.08,Small,Tier 3,Food Mart,28
9.41,Regular,0.021,Seafood,54.64,Small,Tier 3,Food Mart,28
10.73,Low Sugar,0.036,Snack Foods,126.43,Medium,Tier 2,Supermarket Type2,17
10.74,Regular,0.039,Meat,164.21,Medium,Tier 2,Supermarket Type2,17
9.63,Low Sugar,0.011,Dairy,125.43,High,Tier 2,Supermarket Type1,39
8.89,Regular,0.076,Baking Goods,101.39,Small,Tier 3,Food Mart,28
16.72,Low Sugar,0.101,Dairy,217.12,Medium,Tier 1,Departmental Store,27
8.15,Low Sugar,0.065,Fruits and Vegetables,99.78,Small,Tier 3,Food Mart,28
14.68,Low Sugar,0.076,Fruits and Vegetables,137.53,Medium,Tier 2,Supermarket Type2,17
13.02,Regular,0.053,Frozen Foods,150.46,Medium,Tier 2,Supermarket Type2,17
10.46,Low Sugar,0.103,Fruits and Vegetables,100.58,Small,Tier 3,Food Mart,28
12.23,Low Sugar,0.05,Baking Goods,177.75,Medium,Tier 2,Supermarket Type2,17
7.83,Regular,0.097,Fruits and Vegetables,125.42,Small,Tier 3,Food Mart,28
10.61,No Sugar,0.03,Household,114.99,High,Tier 2,Supermarket Type1,39
13.1,Low Sugar,0.078,Canned,145.5,Medium,Tier 2,Supermarket Type2,17
9.61,Regular,0.042,Baking Goods,80.09,Small,Tier 3,Food Mart,28
13.12,Regular,0.055,Canned,169.33,High,Tier 2,Supermarket Type1,39
11.95,Low Sugar,0.038,Snack Foods,125.45,Small,Tier 3,Food Mart,28
6.64,Low Sugar,0.009,Baking Goods,129.24,Small,Tier 3,Food Mart,28
16.59,Low Sugar,0.039,Dairy,232.41,Medium,Tier 1,Departmental Store,27
11.46,Low Sugar,0.067,Soft Drinks,146.59,Medium,Tier 2,Supermarket Type2,17
13.81,Low Sugar,0.029,Fruits and Vegetables,156.77,Medium,Tier 2,Supermarket Type2,17
10.28,Low Sugar,0.025,Canned,142.01,Medium,Tier 2,Supermarket Type2,17
12.27,Regular,0.062,Snack Foods,158.12,Medium,Tier 2,Supermarket Type2,17
10.99,No Sugar,0.053,Household,152.08,Medium,Tier 2,Supermarket Type2,17
12.64,Low Sugar,0.053,Fruits and Vegetables,145.92,Medium,Tier 2,Supermarket Type2,17
13.84,Low Sugar,0.089,Baking Goods,135.04,Medium,Tier 2,Supermarket Type2,17
12.38,Low Sugar,0.046,Starchy Foods,138.81,Medium,Tier 2,Supermarket Type2,17
11.75,Low Sugar,0.128,Baking Goods,152.69,Medium,Tier 2,Supermarket Type2,17
13.99,Low Sugar,0.021,Fruits and Vegetables,210.21,Medium,Tier 1,Departmental Store,27
8.12,Low Sugar,0.048,Breakfast,81.36,Small,Tier 3,Food Mart,28
14.28,Low Sugar,0.01,Frozen Foods,153.35,Medium,Tier 2,Supermarket Type2,17
11.99,Low Sugar,0.094,Fruits and Vegetables,125.16,Medium,Tier 2,Supermarket Type2,17
14.02,Regular,0.045,Canned,144.69,Medium,Tier 2,Supermarket Type2,17
12.42,Low Sugar,0.058,Fruits and Vegetables,131.64,Medium,Tier 2,Supermarket Type2,17
15.39,Low Sugar,0.011,Baking Goods,159.13,Small,Tier 3,Food Mart,28
15.86,No Sugar,0.047,Health and Hygiene,142.56,High,Tier 2,Supermarket Type1,39
10.93,Low Sugar,0.073,Soft Drinks,145.92,Medium,Tier 2,Supermarket Type2,17
10.79,Low Sugar,0.056,Fruits and Vegetables,113.32,High,Tier 2,Supermarket Type1,39
13.79,Low Sugar,0.115,Starchy Foods,176.35,Medium,Tier 1,Departmental Store,27
11.38,Low Sugar,0.125,Frozen Foods,175.82,Medium,Tier 2,Supermarket Type2,17
14.08,No Sugar,0.026,Health and Hygiene,193.38,High,Tier 2,Supermarket Type1,39
10.69,Low Sugar,0.12,Baking Goods,116.69,High,Tier 2,Supermarket Type1,39
15.55,Regular,0.027,Soft Drinks,162.47,Medium,Tier 1,Departmental Store,27
9.35,Low Sugar,0.064,Fruits and Vegetables,111.63,Small,Tier 3,Food Mart,28
14.14,Regular,0.126,Meat,182.81,High,Tier 2,Supermarket Type1,39
19.37,Low Sugar,0.099,Snack Foods,226.76,Medium,Tier 1,Departmental Store,27
12.74,Low Sugar,0.037,Snack Foods,157.51,Medium,Tier 2,Supermarket Type2,17
10.14,Low Sugar,0.122,Seafood,162.93,Medium,Tier 2,Supermarket Type2,17
13.33,Low Sugar,0.054,Soft Drinks,149.59,Medium,Tier 2,Supermarket Type2,17
11.08,Regular,0.171,Dairy,138.17,Medium,Tier 2,Supermarket Type2,17
14.41,Regular,0.122,Meat,155.09,High,Tier 2,Supermarket Type1,39
11.42,Regular,0.01,Soft Drinks,172.12,Medium,Tier 2,Supermarket Type2,17
15.33,Regular,0.111,Fruits and Vegetables,210.12,Medium,Tier 1,Departmental Store,27
13.54,Low Sugar,0.093,Canned,152.82,Medium,Tier 2,Supermarket Type2,17
11.58,Low Sugar,0.07,Baking Goods,151.71,Medium,Tier 2,Supermarket Type2,17
13.97,Low Sugar,0.025,Frozen Foods,188.22,High,Tier 2,Supermarket Type1,39
11.63,No Sugar,0.011,Health and Hygiene,144.47,Medium,Tier 2,Supermarket Type2,17
14.15,Regular,0.052,Frozen Foods,133.72,Medium,Tier 2,Supermarket Type2,17
13.44,No Sugar,0.076,Household,137.65,Medium,Tier 2,Supermarket Type2,17
12.21,Regular,0.019,Dairy,176.25,Medium,Tier 2,Supermarket Type2,17
13.74,Low Sugar,0.04,Canned,186.96,High,Tier 2,Supermarket Type1,39
11.55,Regular,0.023,Snack Foods,119.89,Medium,Tier 2,Supermarket Type2,17
12.06,Low Sugar,0.157,Breakfast,104.46,High,Tier 2,Supermarket Type1,39
12.58,No Sugar,0.026,Health and Hygiene,120.93,Medium,Tier 2,Supermarket Type2,17
11.87,Low Sugar,0.072,Fruits and Vegetables,140.76,Medium,Tier 2,Supermarket Type2,17
15.24,Low Sugar,0.053,Meat,204.28,Medium,Tier 1,Departmental Store,27
14.4,Low Sugar,0.02,Canned,177.93,Medium,Tier 1,Departmental Store,27
13.13,Low Sugar,0.027,Snack Foods,110.64,Medium,Tier 2,Supermarket Type2,17
13.0,Low Sugar,0.042,Frozen Foods,146.99,Medium,Tier 2,Supermarket Type2,17
9.39,Low Sugar,0.157,Canned,75.32,Small,Tier 3,Food Mart,28
9.88,Regular,0.056,Frozen Foods,67.99,Small,Tier 3,Food Mart,28
16.56,Regular,0.096,Fruits and Vegetables,185.24,Medium,Tier 1,Departmental Store,27
17.15,Regular,0.019,Fruits and Vegetables,142.09,Medium,Tier 1,Departmental Store,27
15.93,Low Sugar,0.014,Canned,172.22,High,Tier 2,Supermarket Type1,39
12.21,Low Sugar,0.129,Fruits and Vegetables,142.19,Medium,Tier 2,Supermarket Type2,17
10.99,Regular,0.028,Canned,186.74,Medium,Tier 2,Supermarket Type2,17
12.08,Low Sugar,0.061,Frozen Foods,153.26,Medium,Tier 2,Supermarket Type2,17
14.65,Regular,0.22,Dairy,174.5,Medium,Tier 1,Departmental Store,27
12.59,No Sugar,0.193,Household,153.95,Medium,Tier 2,Supermarket Type2,17
16.36,Low Sugar,0.078,Fruits and Vegetables,156.11,Medium,Tier 1,Departmental Store,27
11.76,Regular,0.13,Snack Foods,172.43,Medium,Tier 2,Supermarket Type2,17
12.08,Low Sugar,0.042,Dairy,179.07,Medium,Tier 1,Departmental Store,27
12.23,Regular,0.019,Fruits and Vegetables,145.37,Medium,Tier 2,Supermarket Type2,17
11.99,Regular,0.091,Fruits and Vegetables,163.82,Medium,Tier 2,Supermarket Type2,17
15.21,Low Sugar,0.044,Soft Drinks,177.95,High,Tier 2,Supermarket Type1,39
9.0,No Sugar,0.03,Health and Hygiene,31.0,Small,Tier 3,Food Mart,28
12.41,Low Sugar,0.076,Meat,128.87,Medium,Tier 2,Supermarket Type2,17
12.4,Low Sugar,0.021,Canned,153.16,Medium,Tier 2,Supermarket Type2,17
16.9,Low Sugar,0.28,Baking Goods,179.19,Medium,Tier 1,Departmental Store,27
14.03,Low Sugar,0.089,Snack Foods,127.42,Medium,Tier 1,Departmental Store,27
12.07,No Sugar,0.045,Health and Hygiene,151.82,Medium,Tier 2,Supermarket Type2,17
8.29,Low Sugar,0.144,Soft Drinks,130.89,Small,Tier 3,Food Mart,28
14.41,Regular,0.084,Dairy,124.18,Medium,Tier 2,Supermarket Type2,17
13.93,Regular,0.006,Snack Foods,155.02,Medium,Tier 2,Supermarket Type2,17
15.57,No Sugar,0.091,Health and Hygiene,205.73,Medium,Tier 1,Departmental Store,27
13.54,Regular,0.015,Soft Drinks,134.74,Medium,Tier 2,Supermarket Type2,17
9.86,Regular,0.057,Frozen Foods,102.3,Medium,Tier 1,Departmental Store,27
14.34,Low Sugar,0.16,Fruits and Vegetables,162.53,Medium,Tier 1,Departmental Store,27
11.68,No Sugar,0.045,Household,114.64,Medium,Tier 2,Supermarket Type2,17
15.32,Regular,0.056,Meat,152.49,High,Tier 2,Supermarket Type1,39
10.74,Low Sugar,0.128,Canned,132.21,Medium,Tier 2,Supermarket Type2,17
15.23,Low Sugar,0.042,Frozen Foods,140.48,Medium,Tier 2,Supermarket Type2,17
12.2,No Sugar,0.1,Household,147.08,Medium,Tier 2,Supermarket Type2,17
8.18,Low Sugar,0.104,Snack Foods,108.67,Small,Tier 3,Food Mart,28
13.46,Low Sugar,0.092,Dairy,193.75,High,Tier 2,Supermarket Type1,39
15.15,Regular,0.049,Frozen Foods,143.08,Medium,Tier 2,Supermarket Type2,17
15.58,Regular,0.148,Baking Goods,155.8,Medium,Tier 1,Departmental Store,27
13.67,Regular,0.036,Frozen Foods,134.98,Medium,Tier 2,Supermarket Type2,17
17.03,Low Sugar,0.034,Baking Goods,212.33,Medium,Tier 1,Departmental Store,27
12.49,Regular,0.077,Fruits and Vegetables,138.54,Medium,Tier 2,Supermarket Type2,17
13.37,Low Sugar,0.026,Snack Foods,153.06,Medium,Tier 2,Supermarket Type2,17
12.89,Regular,0.067,Fruits and Vegetables,116.78,Medium,Tier 2,Supermarket Type2,17
15.35,Low Sugar,0.029,Frozen Foods,192.99,Medium,Tier 1,Departmental Store,27
12.58,Low Sugar,0.023,Baking Goods,114.69,Medium,Tier 2,Supermarket Type2,17
14.21,Regular,0.176,Dairy,144.38,Medium,Tier 2,Supermarket Type2,17
9.96,No Sugar,0.038,Others,140.95,Medium,Tier 2,Supermarket Type2,17
14.33,Low Sugar,0.013,Baking Goods,138.85,Medium,Tier 2,Supermarket Type2,17
14.8,Low Sugar,0.11,Fruits and Vegetables,180.39,High,Tier 2,Supermarket Type1,39
14.99,Low Sugar,0.042,Fruits and Vegetables,160.1,Medium,Tier 1,Departmental Store,27
15.3,Low Sugar,0.126,Meat,209.54,Medium,Tier 1,Departmental Store,27
12.84,No Sugar,0.032,Household,138.72,Medium,Tier 2,Supermarket Type2,17
10.79,Regular,0.078,Snack Foods,120.9,High,Tier 2,Supermarket Type1,39
10.72,Low Sugar,0.05,Snack Foods,119.37,High,Tier 2,Supermarket Type1,39
12.89,Low Sugar,0.061,Baking Goods,174.88,High,Tier 2,Supermarket Type1,39
11.82,Low Sugar,0.152,Snack Foods,123.64,Medium,Tier 2,Supermarket Type2,17
13.44,Low Sugar,0.032,Dairy,180.62,Medium,Tier 1,Departmental Store,27
12.18,Low Sugar,0.061,Soft Drinks,154.25,Medium,Tier 2,Supermarket Type2,17
9.88,Low Sugar,0.123,Soft Drinks,130.54,High,Tier 2,Supermarket Type1,39
9.76,Low Sugar,0.014,Soft Drinks,135.3,Medium,Tier 2,Supermarket Type2,17
10.76,Low Sugar,0.08,Fruits and Vegetables,135.64,Medium,Tier 2,Supermarket Type2,17
14.64,No Sugar,0.05,Health and Hygiene,176.55,Small,Tier 3,Food Mart,28
14.02,Regular,0.035,Dairy,131.93,Medium,Tier 2,Supermarket Type2,17
12.23,Regular,0.136,Breads,117.44,Medium,Tier 2,Supermarket Type2,17
12.49,Low Sugar,0.027,Baking Goods,130.06,Medium,Tier 2,Supermarket Type2,17
13.73,Low Sugar,0.064,Dairy,131.79,Medium,Tier 2,Supermarket Type2,17
8.61,Regular,0.046,Frozen Foods,132.15,Small,Tier 3,Food Mart,28
15.37,No Sugar,0.04,Others,120.78,Medium,Tier 2,Supermarket Type2,17
15.87,Low Sugar,0.006,Frozen Foods,142.35,High,Tier 2,Supermarket Type1,39
10.72,Low Sugar,0.045,Dairy,130.79,Small,Tier 3,Food Mart,28
9.69,Low Sugar,0.104,Snack Foods,100.79,Small,Tier 3,Food Mart,28
12.89,No Sugar,0.021,Health and Hygiene,158.2,Medium,Tier 2,Supermarket Type2,17
11.84,No Sugar,0.122,Others,140.23,Medium,Tier 2,Supermarket Type2,17
7.12,Regular,0.009,Dairy,57.41,Small,Tier 3,Food Mart,28
17.53,Low Sugar,0.163,Baking Goods,240.4,Medium,Tier 1,Departmental Store,27
11.76,No Sugar,0.075,Health and Hygiene,158.08,Medium,Tier 2,Supermarket Type2,17
10.47,Regular,0.01,Canned,130.16,Medium,Tier 2,Supermarket Type2,17
13.75,Regular,0.079,Starchy Foods,114.59,Medium,Tier 2,Supermarket Type2,17
16.33,Low Sugar,0.052,Canned,167.31,Medium,Tier 1,Departmental Store,27
11.53,Low Sugar,0.082,Baking Goods,144.04,Medium,Tier 2,Supermarket Type2,17
14.64,Regular,0.042,Fruits and Vegetables,151.58,Medium,Tier 2,Supermarket Type2,17
12.97,No Sugar,0.025,Household,114.48,Medium,Tier 2,Supermarket Type2,17
11.0,Low Sugar,0.053,Canned,135.31,Medium,Tier 2,Supermarket Type2,17
14.72,No Sugar,0.099,Health and Hygiene,176.1,High,Tier 2,Supermarket Type1,39
12.65,Low Sugar,0.072,Fruits and Vegetables,187.61,Medium,Tier 1,Departmental Store,27
12.9,No Sugar,0.025,Health and Hygiene,76.23,Small,Tier 3,Food Mart,28
12.98,Low Sugar,0.021,Meat,124.86,Medium,Tier 2,Supermarket Type2,17
11.57,Low Sugar,0.116,Dairy,131.07,Medium,Tier 2,Supermarket Type2,17
11.37,No Sugar,0.133,Household,111.2,High,Tier 2,Supermarket Type1,39
12.39,Regular,0.116,Dairy,128.98,Medium,Tier 2,Supermarket Type2,17
13.77,Low Sugar,0.024,Fruits and Vegetables,153.21,Medium,Tier 2,Supermarket Type2,17
13.16,Low Sugar,0.061,Snack Foods,185.32,Medium,Tier 1,Departmental Store,27
12.74,Regular,0.048,Breads,162.51,Medium,Tier 2,Supermarket Type2,17
13.73,No Sugar,0.031,Health and Hygiene,171.24,High,Tier 2,Supermarket Type1,39
12.17,Low Sugar,0.026,Fruits and Vegetables,131.74,Medium,Tier 2,Supermarket Type2,17
11.99,Low Sugar,0.049,Breads,121.01,Medium,Tier 2,Supermarket Type2,17
13.62,Low Sugar,0.036,Fruits and Vegetables,196.11,High,Tier 2,Supermarket Type1,39
16.92,No Sugar,0.015,Health and Hygiene,220.66,Medium,Tier 1,Departmental Store,27
13.86,Low Sugar,0.061,Soft Drinks,152.03,Medium,Tier 2,Supermarket Type2,17
11.38,Low Sugar,0.089,Baking Goods,134.69,Small,Tier 3,Food Mart,28
9.45,Low Sugar,0.057,Frozen Foods,102.98,Small,Tier 3,Food Mart,28
14.75,Low Sugar,0.076,Snack Foods,187.48,High,Tier 2,Supermarket Type1,39
14.55,Regular,0.009,Fruits and Vegetables,179.65,High,Tier 2,Supermarket Type1,39
14.11,Low Sugar,0.129,Soft Drinks,183.29,High,Tier 2,Supermarket Type1,39
10.37,Regular,0.06,Soft Drinks,105.52,Small,Tier 3,Food Mart,28
11.51,No Sugar,0.064,Health and Hygiene,161.13,Medium,Tier 2,Supermarket Type2,17
14.3,No Sugar,0.023,Household,126.98,Medium,Tier 2,Supermarket Type2,17
10.32,Low Sugar,0.14,Fruits and Vegetables,163.29,Medium,Tier 2,Supermarket Type2,17
9.75,Low Sugar,0.116,Dairy,117.8,Small,Tier 3,Food Mart,28
12.09,Low Sugar,0.018,Snack Foods,111.35,Medium,Tier 2,Supermarket Type2,17
12.22,Regular,0.148,Baking Goods,126.41,Medium,Tier 2,Supermarket Type2,17
16.66,Regular,0.082,Fruits and Vegetables,239.49,Medium,Tier 1,Departmental Store,27
13.43,Low Sugar,0.185,Soft Drinks,129.18,Medium,Tier 2,Supermarket Type2,17
11.41,No Sugar,0.071,Health and Hygiene,120.3,Medium,Tier 2,Supermarket Type2,17
10.6,Low Sugar,0.12,Starchy Foods,120.41,High,Tier 2,Supermarket Type1,39
13.02,Regular,0.009,Baking Goods,126.55,Medium,Tier 2,Supermarket Type2,17
12.8,Regular,0.068,Soft Drinks,164.3,Medium,Tier 2,Supermarket Type2,17
16.09,Regular,0.058,Snack Foods,229.63,Medium,Tier 1,Departmental Store,27
12.95,Regular,0.032,Breakfast,106.82,Medium,Tier 2,Supermarket Type2,17
11.21,Regular,0.021,Snack Foods,123.32,Medium,Tier 2,Supermarket Type2,17
16.14,Regular,0.028,Fruits and Vegetables,129.92,Medium,Tier 2,Supermarket Type2,17
13.49,Regular,0.051,Canned,121.63,Medium,Tier 2,Supermarket Type2,17
13.91,Low Sugar,0.022,Fruits and Vegetables,132.72,Medium,Tier 2,Supermarket Type2,17
16.83,Low Sugar,0.051,Dairy,173.25,Medium,Tier 1,Departmental Store,27
11.41,No Sugar,0.028,Others,116.59,Medium,Tier 2,Supermarket Type2,17
13.62,No Sugar,0.064,Household,173.0,Medium,Tier 1,Departmental Store,27
15.53,Low Sugar,0.024,Baking Goods,184.27,High,Tier 2,Supermarket Type1,39
10.74,Regular,0.022,Snack Foods,135.31,Medium,Tier 2,Supermarket Type2,17
14.8,No Sugar,0.061,Household,174.32,Medium,Tier 1,Departmental Store,27
13.06,Low Sugar,0.026,Frozen Foods,161.47,Medium,Tier 2,Supermarket Type2,17
12.19,Low Sugar,0.137,Snack Foods,140.54,Medium,Tier 2,Supermarket Type2,17
16.8,No Sugar,0.029,Health and Hygiene,179.01,Medium,Tier 1,Departmental Store,27
10.34,Low Sugar,0.052,Dairy,163.11,Medium,Tier 2,Supermarket Type2,17
11.58,Low Sugar,0.038,Fruits and Vegetables,143.92,Medium,Tier 2,Supermarket Type2,17
17.5,Regular,0.106,Fruits and Vegetables,171.36,Medium,Tier 1,Departmental Store,27
11.48,Regular,0.073,Canned,143.69,Medium,Tier 2,Supermarket Type2,17
16.0,Low Sugar,0.048,Breads,177.06,High,Tier 2,Supermarket Type1,39
6.82,Low Sugar,0.063,Canned,112.74,Small,Tier 3,Food Mart,28
16.82,Low Sugar,0.113,Dairy,140.14,Medium,Tier 1,Departmental Store,27
9.56,Regular,0.045,Meat,129.4,High,Tier 2,Supermarket Type1,39
10.04,Low Sugar,0.038,Breakfast,159.94,Medium,Tier 2,Supermarket Type2,17
16.39,Low Sugar,0.072,Snack Foods,175.0,Medium,Tier 1,Departmental Store,27
9.13,Regular,0.03,Meat,81.96,Small,Tier 3,Food Mart,28
12.57,No Sugar,0.102,Health and Hygiene,219.33,High,Tier 2,Supermarket Type1,39
12.55,Low Sugar,0.033,Frozen Foods,145.81,Medium,Tier 2,Supermarket Type2,17
17.66,Regular,0.116,Breads,175.58,Medium,Tier 1,Departmental Store,27
15.21,No Sugar,0.008,Household,127.08,Medium,Tier 2,Supermarket Type2,17
11.37,Low Sugar,0.07,Snack Foods,120.33,Medium,Tier 2,Supermarket Type2,17
15.27,Regular,0.038,Baking Goods,168.12,Medium,Tier 1,Departmental Store,27
11.23,No Sugar,0.065,Health and Hygiene,175.35,Medium,Tier 2,Supermarket Type2,17
11.26,No Sugar,0.126,Household,100.62,Small,Tier 3,Food Mart,28
15.41,Low Sugar,0.116,Dairy,181.24,High,Tier 2,Supermarket Type1,39
10.55,No Sugar,0.179,Household,96.39,Small,Tier 3,Food Mart,28
14.78,Regular,0.083,Snack Foods,160.61,Medium,Tier 1,Departmental Store,27
10.15,Low Sugar,0.032,Fruits and Vegetables,135.64,Medium,Tier 2,Supermarket Type2,17
13.95,No Sugar,0.141,Health and Hygiene,136.71,Medium,Tier 2,Supermarket Type2,17
14.12,Low Sugar,0.099,Baking Goods,126.73,Medium,Tier 2,Supermarket Type2,17
15.23,Low Sugar,0.089,Snack Foods,196.51,Medium,Tier 1,Departmental Store,27
13.29,No Sugar,0.055,Household,192.75,High,Tier 2,Supermarket Type1,39
14.56,Low Sugar,0.041,Dairy,173.87,Medium,Tier 1,Departmental Store,27
12.77,Low Sugar,0.08,Fruits and Vegetables,113.63,Medium,Tier 2,Supermarket Type2,17
14.92,Low Sugar,0.057,Dairy,161.57,Medium,Tier 1,Departmental Store,27
12.62,Low Sugar,0.055,Meat,149.6,Medium,Tier 2,Supermarket Type2,17
15.56,No Sugar,0.117,Household,203.69,Medium,Tier 1,Departmental Store,27
10.82,Low Sugar,0.035,Baking Goods,150.24,Medium,Tier 2,Supermarket Type2,17
14.05,Regular,0.113,Dairy,140.02,Medium,Tier 2,Supermarket Type2,17
10.32,No Sugar,0.09,Household,151.9,Medium,Tier 2,Supermarket Type2,17
17.42,Low Sugar,0.092,Frozen Foods,156.15,Medium,Tier 1,Departmental Store,27
10.24,Low Sugar,0.016,Meat,169.41,Medium,Tier 2,Supermarket Type2,17
15.19,Low Sugar,0.017,Dairy,174.23,High,Tier 2,Supermarket Type1,39
11.18,Regular,0.076,Dairy,154.45,Medium,Tier 2,Supermarket Type2,17
9.81,Regular,0.129,Dairy,92.15,Small,Tier 3,Food Mart,28
14.7,Low Sugar,0.103,Seafood,148.61,Medium,Tier 2,Supermarket Type2,17
12.17,Low Sugar,0.057,Canned,132.28,Medium,Tier 2,Supermarket Type2,17
14.58,Low Sugar,0.128,Fruits and Vegetables,149.01,Medium,Tier 2,Supermarket Type2,17
11.88,Regular,0.076,Dairy,198.5,Medium,Tier 1,Departmental Store,27
7.39,Low Sugar,0.012,Fruits and Vegetables,113.4,Small,Tier 3,Food Mart,28
12.18,Regular,0.12,Snack Foods,125.96,Medium,Tier 2,Supermarket Type2,17
12.66,Low Sugar,0.036,Breads,145.71,Medium,Tier 2,Supermarket Type2,17
13.71,Regular,0.092,Snack Foods,180.21,Medium,Tier 1,Departmental Store,27
12.83,Low Sugar,0.03,Canned,95.15,High,Tier 2,Supermarket Type1,39
13.28,Low Sugar,0.032,Fruits and Vegetables,132.4,Medium,Tier 2,Supermarket Type2,17
12.42,Low Sugar,0.081,Soft Drinks,142.88,Medium,Tier 2,Supermarket Type2,17
15.13,Regular,0.125,Meat,203.55,Medium,Tier 1,Departmental Store,27
11.51,Low Sugar,0.052,Fruits and Vegetables,147.13,Medium,Tier 2,Supermarket Type2,17
10.88,Regular,0.031,Meat,138.9,Medium,Tier 2,Supermarket Type2,17
14.54,Regular,0.162,Baking Goods,191.76,High,Tier 2,Supermarket Type1,39
8.86,No Sugar,0.099,Household,129.0,Small,Tier 3,Food Mart,28
13.47,Regular,0.017,Fruits and Vegetables,102.19,Medium,Tier 2,Supermarket Type2,17
15.1,Low Sugar,0.292,Fruits and Vegetables,151.74,High,Tier 2,Supermarket Type1,39
11.03,Low Sugar,0.093,Soft Drinks,132.08,Medium,Tier 2,Supermarket Type2,17
10.31,Low Sugar,0.017,Fruits and Vegetables,153.91,Medium,Tier 2,Supermarket Type2,17
13.4,Low Sugar,0.088,Frozen Foods,148.79,Medium,Tier 2,Supermarket Type2,17
14.82,Low Sugar,0.054,Fruits and Vegetables,152.24,High,Tier 2,Supermarket Type1,39
11.17,No Sugar,0.044,Household,122.37,Medium,Tier 2,Supermarket Type2,17
13.47,Low Sugar,0.184,Fruits and Vegetables,154.78,Medium,Tier 2,Supermarket Type2,17
14.84,Regular,0.054,Baking Goods,112.86,Medium,Tier 2,Supermarket Type2,17
14.92,Regular,0.067,Canned,187.06,High,Tier 2,Supermarket Type1,39
10.76,No Sugar,0.052,Household,189.07,Medium,Tier 2,Supermarket Type2,17
15.39,No Sugar,0.006,Others,179.95,High,Tier 2,Supermarket Type1,39
12.51,Low Sugar,0.118,Starchy Foods,173.4,Medium,Tier 2,Supermarket Type2,17
10.59,Low Sugar,0.119,Meat,72.59,Small,Tier 3,Food Mart,28
11.4,Low Sugar,0.047,Snack Foods,101.58,Small,Tier 3,Food Mart,28
8.25,Low Sugar,0.123,Dairy,100.0,Small,Tier 3,Food Mart,28
14.48,Regular,0.019,Meat,158.6,High,Tier 2,Supermarket Type1,39
12.24,Low Sugar,0.089,Meat,181.93,High,Tier 2,Supermarket Type1,39
11.3,Low Sugar,0.174,Fruits and Vegetables,121.44,Medium,Tier 2,Supermarket Type2,17
11.07,Regular,0.14,Snack Foods,132.45,Medium,Tier 2,Supermarket Type2,17
17.77,Low Sugar,0.113,Frozen Foods,191.63,Medium,Tier 1,Departmental Store,27
9.89,Regular,0.012,Baking Goods,131.75,Medium,Tier 2,Supermarket Type2,17
17.46,Low Sugar,0.121,Fruits and Vegetables,230.51,Medium,Tier 1,Departmental Store,27
12.59,No Sugar,0.02,Others,146.65,Medium,Tier 2,Supermarket Type2,17
11.83,No Sugar,0.096,Others,182.95,High,Tier 2,Supermarket Type1,39
15.64,Low Sugar,0.016,Frozen Foods,155.88,Medium,Tier 1,Departmental Store,27
10.84,Low Sugar,0.023,Baking Goods,116.45,High,Tier 2,Supermarket Type1,39
10.65,Low Sugar,0.046,Frozen Foods,160.56,Medium,Tier 2,Supermarket Type2,17
11.62,Low Sugar,0.082,Snack Foods,139.95,Medium,Tier 2,Supermarket Type2,17
9.68,Low Sugar,0.018,Hard Drinks,153.33,Medium,Tier 2,Supermarket Type2,17
10.23,Low Sugar,0.123,Hard Drinks,182.45,Medium,Tier 2,Supermarket Type2,17
12.93,Low Sugar,0.026,Fruits and Vegetables,144.85,Medium,Tier 2,Supermarket Type2,17
10.56,Low Sugar,0.184,Frozen Foods,159.22,Medium,Tier 2,Supermarket Type2,17
11.51,Regular,0.044,Fruits and Vegetables,128.68,Medium,Tier 2,Supermarket Type2,17
15.66,Regular,0.044,Baking Goods,134.56,Medium,Tier 2,Supermarket Type2,17
11.15,Low Sugar,0.14,Hard Drinks,126.41,Medium,Tier 2,Supermarket Type2,17
14.35,Low Sugar,0.044,Dairy,166.92,Medium,Tier 1,Departmental Store,27
13.3,Low Sugar,0.034,Fruits and Vegetables,98.5,Medium,Tier 2,Supermarket Type2,17
14.96,Low Sugar,0.09,Dairy,139.19,Medium,Tier 2,Supermarket Type2,17
13.19,Low Sugar,0.235,Snack Foods,141.68,Medium,Tier 2,Supermarket Type2,17
14.38,Low Sugar,0.119,Canned,131.19,Medium,Tier 1,Departmental Store,27
14.37,Regular,0.076,Frozen Foods,173.74,Medium,Tier 1,Departmental Store,27
14.16,No Sugar,0.102,Household,172.4,Medium,Tier 1,Departmental Store,27
11.05,Low Sugar,0.112,Soft Drinks,120.27,Medium,Tier 2,Supermarket Type2,17
11.67,Regular,0.033,Frozen Foods,124.51,Medium,Tier 2,Supermarket Type2,17
14.98,No Sugar,0.14,Household,187.98,High,Tier 2,Supermarket Type1,39
12.79,Regular,0.045,Canned,152.02,Medium,Tier 2,Supermarket Type2,17
11.94,Low Sugar,0.067,Soft Drinks,175.92,Medium,Tier 2,Supermarket Type2,17
12.41,Regular,0.026,Hard Drinks,118.27,Medium,Tier 2,Supermarket Type2,17
14.82,No Sugar,0.142,Health and Hygiene,158.87,High,Tier 2,Supermarket Type1,39
16.41,No Sugar,0.105,Household,206.79,Medium,Tier 1,Departmental Store,27
11.87,Low Sugar,0.025,Baking Goods,113.36,Medium,Tier 2,Supermarket Type2,17
9.35,Low Sugar,0.174,Meat,137.23,Medium,Tier 2,Supermarket Type2,17
10.03,Low Sugar,0.047,Dairy,140.57,Medium,Tier 2,Supermarket Type2,17
13.33,Low Sugar,0.015,Snack Foods,147.52,Medium,Tier 2,Supermarket Type2,17
11.28,Regular,0.03,Frozen Foods,149.32,Small,Tier 3,Food Mart,28
15.46,No Sugar,0.026,Household,171.83,High,Tier 2,Supermarket Type1,39
13.87,Low Sugar,0.1,Soft Drinks,178.64,Medium,Tier 1,Departmental Store,27
10.58,Low Sugar,0.016,Fruits and Vegetables,144.73,Medium,Tier 2,Supermarket Type2,17
10.7,Low Sugar,0.041,Baking Goods,160.61,Medium,Tier 2,Supermarket Type2,17
14.1,Regular,0.031,Meat,155.49,Medium,Tier 2,Supermarket Type2,17
11.71,Low Sugar,0.085,Dairy,151.65,Medium,Tier 2,Supermarket Type2,17
10.88,Low Sugar,0.063,Canned,143.66,Medium,Tier 2,Supermarket Type2,17
13.92,Low Sugar,0.057,Snack Foods,185.58,High,Tier 2,Supermarket Type1,39
14.62,Regular,0.027,Snack Foods,162.41,Medium,Tier 1,Departmental Store,27
11.89,Low Sugar,0.111,Dairy,172.07,Medium,Tier 2,Supermarket Type2,17
12.22,Low Sugar,0.034,Frozen Foods,130.54,Medium,Tier 2,Supermarket Type2,17
13.26,Regular,0.191,Fruits and Vegetables,148.31,Medium,Tier 2,Supermarket Type2,17
11.13,Low Sugar,0.053,Soft Drinks,124.54,Medium,Tier 2,Supermarket Type2,17
11.89,No Sugar,0.03,Health and Hygiene,122.19,Medium,Tier 2,Supermarket Type2,17
16.34,Regular,0.112,Fruits and Vegetables,184.46,Medium,Tier 1,Departmental Store,27
13.54,Regular,0.076,Breads,210.34,High,Tier 2,Supermarket Type1,39
14.08,Low Sugar,0.077,Frozen Foods,128.96,Medium,Tier 2,Supermarket Type2,17
13.42,Low Sugar,0.054,Soft Drinks,144.38,Medium,Tier 1,Departmental Store,27
13.86,Low Sugar,0.039,Canned,146.29,Medium,Tier 2,Supermarket Type2,17
8.18,Low Sugar,0.021,Snack Foods,118.86,Small,Tier 3,Food Mart,28
11.2,Low Sugar,0.104,Fruits and Vegetables,143.69,Medium,Tier 2,Supermarket Type2,17
10.29,Low Sugar,0.047,Fruits and Vegetables,101.5,Small,Tier 3,Food Mart,28
11.53,Regular,0.2,Frozen Foods,154.69,Medium,Tier 2,Supermarket Type2,17
12.4,Low Sugar,0.041,Baking Goods,141.18,Medium,Tier 2,Supermarket Type2,17
8.68,Low Sugar,0.111,Hard Drinks,116.3,Small,Tier 3,Food Mart,28
11.24,Regular,0.071,Frozen Foods,153.15,Medium,Tier 2,Supermarket Type2,17
11.45,Low Sugar,0.039,Meat,125.43,Medium,Tier 2,Supermarket Type2,17
12.15,Low Sugar,0.055,Snack Foods,144.7,Medium,Tier 2,Supermarket Type2,17
12.55,Low Sugar,0.019,Breads,150.82,Medium,Tier 2,Supermarket Type2,17
13.83,Regular,0.025,Snack Foods,143.46,Medium,Tier 2,Supermarket Type2,17
6.99,Regular,0.023,Fruits and Vegetables,90.88,Small,Tier 3,Food Mart,28
10.48,No Sugar,0.021,Household,92.45,Small,Tier 3,Food Mart,28
14.31,Low Sugar,0.161,Fruits and Vegetables,110.16,Medium,Tier 2,Supermarket Type2,17
13.12,No Sugar,0.036,Others,149.56,Medium,Tier 2,Supermarket Type2,17
18.39,No Sugar,0.074,Household,179.17,Medium,Tier 1,Departmental Store,27
11.98,Low Sugar,0.052,Frozen Foods,141.31,Medium,Tier 2,Supermarket Type2,17
13.62,Regular,0.113,Baking Goods,114.03,Medium,Tier 2,Supermarket Type2,17
11.57,Low Sugar,0.136,Soft Drinks,155.25,Medium,Tier 2,Supermarket Type2,17
15.67,Regular,0.078,Dairy,145.48,High,Tier 2,Supermarket Type1,39
10.71,No Sugar,0.028,Health and Hygiene,118.86,High,Tier 2,Supermarket Type1,39
11.88,Regular,0.062,Fruits and Vegetables,123.43,Medium,Tier 2,Supermarket Type2,17
10.69,Low Sugar,0.127,Baking Goods,115.27,High,Tier 2,Supermarket Type1,39
13.13,Low Sugar,0.01,Canned,152.0,Medium,Tier 2,Supermarket Type2,17
15.11,Low Sugar,0.185,Fruits and Vegetables,123.26,Medium,Tier 2,Supermarket Type2,17
13.62,Low Sugar,0.035,Snack Foods,173.85,Medium,Tier 1,Departmental Store,27
11.03,Low Sugar,0.058,Fruits and Vegetables,166.44,Medium,Tier 2,Supermarket Type2,17
14.69,No Sugar,0.037,Health and Hygiene,158.44,High,Tier 2,Supermarket Type1,39
15.23,Regular,0.167,Snack Foods,133.2,Medium,Tier 2,Supermarket Type2,17
11.84,Low Sugar,0.108,Frozen Foods,211.87,High,Tier 2,Supermarket Type1,39
16.11,Low Sugar,0.039,Canned,183.43,Medium,Tier 1,Departmental Store,27
13.12,No Sugar,0.038,Household,148.43,Medium,Tier 2,Supermarket Type2,17
12.64,Low Sugar,0.021,Starchy Foods,172.89,Medium,Tier 2,Supermarket Type2,17
13.25,No Sugar,0.14,Health and Hygiene,180.9,Medium,Tier 1,Departmental Store,27
8.97,Low Sugar,0.094,Baking Goods,67.06,Small,Tier 3,Food Mart,28
13.92,Low Sugar,0.074,Canned,180.0,Medium,Tier 1,Departmental Store,27
9.75,No Sugar,0.152,Health and Hygiene,132.28,High,Tier 2,Supermarket Type1,39
13.44,Low Sugar,0.039,Baking Goods,187.76,Medium,Tier 1,Departmental Store,27
11.88,Regular,0.07,Snack Foods,130.83,Medium,Tier 2,Supermarket Type2,17
13.28,Regular,0.029,Frozen Foods,163.0,Medium,Tier 2,Supermarket Type2,17
9.89,Low Sugar,0.104,Dairy,113.13,Small,Tier 3,Food Mart,28
14.39,Regular,0.043,Meat,110.8,Medium,Tier 2,Supermarket Type2,17
11.94,No Sugar,0.08,Household,143.98,Medium,Tier 2,Supermarket Type2,17
13.23,Low Sugar,0.03,Snack Foods,154.73,Medium,Tier 2,Supermarket Type2,17
12.86,Low Sugar,0.186,Fruits and Vegetables,154.02,Medium,Tier 2,Supermarket Type2,17
10.78,No Sugar,0.114,Others,164.09,Medium,Tier 2,Supermarket Type2,17
11.07,Low Sugar,0.066,Dairy,87.06,Small,Tier 3,Food Mart,28
11.19,No Sugar,0.049,Household,95.12,Small,Tier 3,Food Mart,28
11.27,Low Sugar,0.014,Baking Goods,146.13,Medium,Tier 2,Supermarket Type2,17
13.6,Low Sugar,0.082,Frozen Foods,159.22,Medium,Tier 2,Supermarket Type2,17
12.05,Low Sugar,0.032,Dairy,131.9,Medium,Tier 2,Supermarket Type2,17
15.72,Low Sugar,0.042,Meat,170.4,High,Tier 2,Supermarket Type1,39
11.09,Low Sugar,0.052,Soft Drinks,149.17,Medium,Tier 2,Supermarket Type2,17
15.56,Low Sugar,0.075,Frozen Foods,157.89,Medium,Tier 1,Departmental Store,27
13.33,Low Sugar,0.009,Soft Drinks,143.06,Medium,Tier 2,Supermarket Type2,17
13.49,Regular,0.03,Snack Foods,156.83,Medium,Tier 2,Supermarket Type2,17
16.76,Low Sugar,0.081,Starchy Foods,169.25,Medium,Tier 1,Departmental Store,27
10.18,reg,0.152,Soft Drinks,144.85,Medium,Tier 2,Supermarket Type2,17
13.18,No Sugar,0.175,Health and Hygiene,100.1,Medium,Tier 2,Supermarket Type2,17
12.39,Low Sugar,0.034,Breads,143.74,Medium,Tier 2,Supermarket Type2,17
13.15,No Sugar,0.113,Health and Hygiene,141.61,Medium,Tier 2,Supermarket Type2,17
13.24,No Sugar,0.074,Household,142.7,Medium,Tier 2,Supermarket Type2,17
12.12,Regular,0.076,Frozen Foods,112.44,Medium,Tier 2,Supermarket Type2,17
13.04,Low Sugar,0.019,Dairy,107.5,Medium,Tier 2,Supermarket Type2,17
12.38,Low Sugar,0.071,Frozen Foods,136.45,Medium,Tier 2,Supermarket Type2,17
13.54,Regular,0.081,Fruits and Vegetables,153.27,Medium,Tier 2,Supermarket Type2,17
10.96,Low Sugar,0.07,Fruits and Vegetables,135.63,Medium,Tier 2,Supermarket Type2,17
10.81,Low Sugar,0.089,Soft Drinks,82.99,Small,Tier 3,Food Mart,28
14.57,No Sugar,0.049,Household,142.88,Medium,Tier 2,Supermarket Type2,17
13.45,Regular,0.092,Fruits and Vegetables,169.24,High,Tier 2,Supermarket Type1,39
12.15,No Sugar,0.012,Health and Hygiene,128.65,Medium,Tier 2,Supermarket Type2,17
8.66,Low Sugar,0.052,Dairy,99.31,Small,Tier 3,Food Mart,28
10.13,No Sugar,0.015,Household,135.17,Medium,Tier 2,Supermarket Type2,17
10.52,Low Sugar,0.058,Hard Drinks,132.88,Medium,Tier 2,Supermarket Type2,17
14.07,Low Sugar,0.046,Dairy,199.61,High,Tier 2,Supermarket Type1,39
11.41,Low Sugar,0.029,Hard Drinks,136.83,Medium,Tier 2,Supermarket Type2,17
8.3,Low Sugar,0.041,Canned,88.82,Small,Tier 3,Food Mart,28
13.01,Low Sugar,0.121,Snack Foods,166.37,Medium,Tier 2,Supermarket Type2,17
12.31,Low Sugar,0.086,Dairy,137.47,Medium,Tier 2,Supermarket Type2,17
12.85,Regular,0.023,Soft Drinks,135.02,Medium,Tier 2,Supermarket Type2,17
13.28,Low Sugar,0.061,Canned,175.71,High,Tier 2,Supermarket Type1,39
12.6,Regular,0.025,Frozen Foods,137.95,Medium,Tier 2,Supermarket Type2,17
11.27,Low Sugar,0.081,Snack Foods,144.13,Medium,Tier 2,Supermarket Type2,17
16.01,Low Sugar,0.105,Meat,148.16,Medium,Tier 1,Departmental Store,27
13.03,Low Sugar,0.151,Breads,129.73,Medium,Tier 2,Supermarket Type2,17
12.75,Low Sugar,0.036,Snack Foods,166.65,Medium,Tier 2,Supermarket Type2,17
15.36,Regular,0.113,Canned,114.93,Medium,Tier 2,Supermarket Type2,17
13.1,Low Sugar,0.007,Dairy,176.31,High,Tier 2,Supermarket Type1,39
16.04,Low Sugar,0.051,Soft Drinks,200.74,Medium,Tier 1,Departmental Store,27
11.12,Low Sugar,0.16,Soft Drinks,90.55,Small,Tier 3,Food Mart,28
14.31,Low Sugar,0.031,Snack Foods,173.3,Medium,Tier 1,Departmental Store,27
10.78,Low Sugar,0.154,Hard Drinks,106.5,Small,Tier 3,Food Mart,28
8.61,reg,0.013,Frozen Foods,82.74,Small,Tier 3,Food Mart,28
12.26,Low Sugar,0.128,Fruits and Vegetables,146.47,Medium,Tier 2,Supermarket Type2,17
10.49,Low Sugar,0.016,Snack Foods,142.38,Medium,Tier 2,Supermarket Type2,17
9.55,Low Sugar,0.108,Canned,92.17,Small,Tier 3,Food Mart,28
14.7,Low Sugar,0.026,Frozen Foods,140.6,Medium,Tier 2,Supermarket Type2,17
12.39,Low Sugar,0.188,Snack Foods,140.38,Medium,Tier 2,Supermarket Type2,17
15.67,Low Sugar,0.036,Hard Drinks,180.71,High,Tier 2,Supermarket Type1,39
13.87,Low Sugar,0.043,Dairy,130.68,Medium,Tier 2,Supermarket Type2,17
9.5,Low Sugar,0.191,Meat,83.78,Small,Tier 3,Food Mart,28
14.15,Low Sugar,0.065,Fruits and Vegetables,216.16,Medium,Tier 1,Departmental Store,27
15.74,Low Sugar,0.019,Snack Foods,208.82,Medium,Tier 1,Departmental Store,27
13.18,reg,0.047,Baking Goods,164.47,Medium,Tier 2,Supermarket Type2,17
15.19,Low Sugar,0.191,Fruits and Vegetables,154.18,High,Tier 2,Supermarket Type1,39
12.94,Low Sugar,0.028,Hard Drinks,174.83,High,Tier 2,Supermarket Type1,39
10.32,Regular,0.063,Baking Goods,101.95,Small,Tier 3,Food Mart,28
13.39,Low Sugar,0.117,Dairy,151.09,Medium,Tier 2,Supermarket Type2,17
15.93,Regular,0.073,Canned,117.25,Medium,Tier 2,Supermarket Type2,17
14.36,No Sugar,0.013,Household,110.36,Medium,Tier 2,Supermarket Type2,17
12.11,Low Sugar,0.051,Baking Goods,110.75,Medium,Tier 2,Supermarket Type2,17
16.2,Low Sugar,0.017,Snack Foods,218.74,Medium,Tier 1,Departmental Store,27
14.31,No Sugar,0.078,Household,131.83,Medium,Tier 2,Supermarket Type2,17
12.7,Low Sugar,0.076,Canned,128.19,Medium,Tier 2,Supermarket Type2,17
16.18,Low Sugar,0.093,Breads,202.49,Medium,Tier 1,Departmental Store,27
9.37,Regular,0.014,Baking Goods,102.9,Small,Tier 3,Food Mart,28
8.53,Regular,0.079,Meat,183.03,Medium,Tier 2,Supermarket Type2,17
14.67,No Sugar,0.041,Household,184.14,High,Tier 2,Supermarket Type1,39
12.69,Regular,0.184,Frozen Foods,146.86,Medium,Tier 2,Supermarket Type2,17
11.3,Low Sugar,0.029,Fruits and Vegetables,130.27,Medium,Tier 2,Supermarket Type2,17
12.74,Low Sugar,0.053,Fruits and Vegetables,199.62,Small,Tier 3,Food Mart,28
11.56,Low Sugar,0.024,Fruits and Vegetables,93.65,Small,Tier 3,Food Mart,28
15.91,Regular,0.09,Frozen Foods,163.64,High,Tier 2,Supermarket Type1,39
14.52,Low Sugar,0.054,Soft Drinks,184.39,High,Tier 2,Supermarket Type1,39
9.56,Low Sugar,0.174,Fruits and Vegetables,146.97,Medium,Tier 2,Supermarket Type2,17
14.09,Regular,0.042,Fruits and Vegetables,176.25,High,Tier 2,Supermarket Type1,39
14.36,Regular,0.085,Breads,150.85,Medium,Tier 2,Supermarket Type2,17
11.42,Low Sugar,0.041,Frozen Foods,147.65,Medium,Tier 2,Supermarket Type2,17
13.12,Low Sugar,0.088,Soft Drinks,144.82,Medium,Tier 2,Supermarket Type2,17
10.6,Low Sugar,0.147,Dairy,146.23,Medium,Tier 2,Supermarket Type2,17
17.01,Low Sugar,0.026,Canned,175.36,Medium,Tier 1,Departmental Store,27
11.72,Low Sugar,0.024,Fruits and Vegetables,150.15,Medium,Tier 2,Supermarket Type2,17
8.06,Low Sugar,0.07,Canned,83.66,Small,Tier 3,Food Mart,28
11.42,No Sugar,0.14,Household,137.81,Medium,Tier 2,Supermarket Type2,17
13.54,reg,0.031,Frozen Foods,190.24,High,Tier 2,Supermarket Type1,39
12.1,reg,0.009,Fruits and Vegetables,125.98,Medium,Tier 2,Supermarket Type2,17
12.58,Low Sugar,0.12,Soft Drinks,141.38,Medium,Tier 2,Supermarket Type2,17
9.61,No Sugar,0.075,Household,114.56,Small,Tier 3,Food Mart,28
12.92,No Sugar,0.118,Household,161.75,Medium,Tier 2,Supermarket Type2,17
13.5,Regular,0.048,Dairy,148.26,Medium,Tier 2,Supermarket Type2,17
14.37,Regular,0.039,Fruits and Vegetables,197.79,High,Tier 2,Supermarket Type1,39
13.02,Regular,0.112,Dairy,161.96,Medium,Tier 2,Supermarket Type2,17
12.4,Regular,0.122,Snack Foods,132.64,Medium,Tier 2,Supermarket Type2,17
11.37,Regular,0.033,Breakfast,122.56,Medium,Tier 2,Supermarket Type2,17
12.51,Regular,0.121,Baking Goods,149.62,Medium,Tier 2,Supermarket Type2,17
10.98,Regular,0.031,Snack Foods,168.61,Medium,Tier 2,Supermarket Type2,17
13.95,Low Sugar,0.073,Breads,104.83,Medium,Tier 2,Supermarket Type2,17
8.98,No Sugar,0.026,Household,123.34,Small,Tier 3,Food Mart,28
15.02,No Sugar,0.033,Health and Hygiene,187.98,High,Tier 2,Supermarket Type1,39
14.16,Low Sugar,0.071,Fruits and Vegetables,194.9,High,Tier 2,Supermarket Type1,39
12.09,reg,0.023,Starchy Foods,154.35,Medium,Tier 2,Supermarket Type2,17
15.06,Low Sugar,0.053,Fruits and Vegetables,164.06,Medium,Tier 1,Departmental Store,27
13.02,Low Sugar,0.053,Breakfast,150.45,Medium,Tier 2,Supermarket Type2,17
15.31,Low Sugar,0.047,Meat,191.25,High,Tier 2,Supermarket Type1,39
15.63,No Sugar,0.106,Household,151.5,Medium,Tier 1,Departmental Store,27
14.76,No Sugar,0.109,Health and Hygiene,113.74,Medium,Tier 1,Departmental Store,27
11.63,Low Sugar,0.027,Snack Foods,136.45,Medium,Tier 2,Supermarket Type2,17
10.79,Low Sugar,0.043,Frozen Foods,102.29,Small,Tier 3,Food Mart,28
10.19,Regular,0.031,Canned,149.76,Medium,Tier 2,Supermarket Type2,17
13.63,Low Sugar,0.085,Dairy,131.89,Medium,Tier 2,Supermarket Type2,17
12.15,Regular,0.015,Baking Goods,171.07,Medium,Tier 1,Departmental Store,27
15.85,Regular,0.034,Meat,201.73,Medium,Tier 1,Departmental Store,27
13.38,Low Sugar,0.061,Canned,150.45,Medium,Tier 2,Supermarket Type2,17
14.11,Low Sugar,0.048,Baking Goods,154.17,Medium,Tier 2,Supermarket Type2,17
11.35,Low Sugar,0.007,Snack Foods,151.05,Medium,Tier 2,Supermarket Type2,17
11.27,Low Sugar,0.061,Fruits and Vegetables,103.91,Small,Tier 3,Food Mart,28
13.79,Low Sugar,0.016,Baking Goods,177.82,Medium,Tier 1,Departmental Store,27
15.49,Low Sugar,0.099,Canned,193.1,Medium,Tier 1,Departmental Store,27
10.97,Low Sugar,0.024,Hard Drinks,144.32,Medium,Tier 2,Supermarket Type2,17
13.32,Regular,0.022,Snack Foods,124.28,Medium,Tier 2,Supermarket Type2,17
13.33,Low Sugar,0.102,Meat,154.71,Medium,Tier 2,Supermarket Type2,17
13.65,Low Sugar,0.041,Baking Goods,171.43,High,Tier 2,Supermarket Type1,39
16.44,Low Sugar,0.233,Snack Foods,124.57,Medium,Tier 2,Supermarket Type2,17
12.35,Low Sugar,0.094,Dairy,182.43,High,Tier 2,Supermarket Type1,39
10.88,Low Sugar,0.115,Snack Foods,116.02,High,Tier 2,Supermarket Type1,39
13.17,Regular,0.047,Dairy,119.32,Medium,Tier 2,Supermarket Type2,17
10.11,Low Sugar,0.09,Soft Drinks,136.13,Medium,Tier 2,Supermarket Type2,17
12.54,Low Sugar,0.043,Snack Foods,160.15,Medium,Tier 2,Supermarket Type2,17
14.11,Low Sugar,0.159,Baking Goods,146.49,Medium,Tier 2,Supermarket Type2,17
9.04,Regular,0.016,Baking Goods,121.11,Small,Tier 3,Food Mart,28
12.69,No Sugar,0.022,Health and Hygiene,150.53,Medium,Tier 2,Supermarket Type2,17
11.5,Low Sugar,0.095,Dairy,186.75,High,Tier 2,Supermarket Type1,39
10.46,Low Sugar,0.026,Baking Goods,127.12,Medium,Tier 2,Supermarket Type2,17
11.44,Low Sugar,0.092,Frozen Foods,102.98,Small,Tier 3,Food Mart,28
12.75,reg,0.056,Fruits and Vegetables,227.47,Medium,Tier 1,Departmental Store,27
12.91,reg,0.031,Canned,146.91,Medium,Tier 2,Supermarket Type2,17
11.96,Low Sugar,0.018,Snack Foods,151.35,Medium,Tier 2,Supermarket Type2,17
14.44,Low Sugar,0.037,Meat,163.21,High,Tier 2,Supermarket Type1,39
13.58,Low Sugar,0.113,Starchy Foods,87.17,High,Tier 2,Supermarket Type1,39
10.22,No Sugar,0.024,Household,186.52,Medium,Tier 2,Supermarket Type2,17
15.58,Low Sugar,0.013,Dairy,163.08,Medium,Tier 1,Departmental Store,27
11.84,Regular,0.021,Meat,88.85,Small,Tier 3,Food Mart,28
15.49,Low Sugar,0.159,Canned,209.62,Medium,Tier 1,Departmental Store,27
13.08,Regular,0.051,Soft Drinks,160.56,Medium,Tier 2,Supermarket Type2,17
13.14,Low Sugar,0.131,Canned,170.49,High,Tier 2,Supermarket Type1,39
14.24,Regular,0.071,Dairy,157.54,High,Tier 2,Supermarket Type1,39
13.25,Low Sugar,0.2,Starchy Foods,198.32,High,Tier 2,Supermarket Type1,39
11.95,reg,0.041,Canned,135.58,Medium,Tier 2,Supermarket Type2,17
10.21,Low Sugar,0.081,Canned,97.17,Small,Tier 3,Food Mart,28
14.25,No Sugar,0.014,Household,135.66,Medium,Tier 2,Supermarket Type2,17
18.12,Low Sugar,0.116,Dairy,210.29,Medium,Tier 1,Departmental Store,27
17.23,Low Sugar,0.057,Baking Goods,175.07,Medium,Tier 1,Departmental Store,27
15.14,Regular,0.088,Snack Foods,182.81,High,Tier 2,Supermarket Type1,39
11.63,Low Sugar,0.045,Soft Drinks,103.77,High,Tier 2,Supermarket Type1,39
9.66,Low Sugar,0.039,Snack Foods,117.44,Small,Tier 3,Food Mart,28
10.18,Regular,0.077,Baking Goods,154.03,Medium,Tier 2,Supermarket Type2,17
10.34,Low Sugar,0.292,Breakfast,81.19,Small,Tier 3,Food Mart,28
12.62,Low Sugar,0.086,Canned,111.48,Medium,Tier 2,Supermarket Type2,17
12.87,Low Sugar,0.146,Meat,148.05,Medium,Tier 2,Supermarket Type2,17
13.47,No Sugar,0.089,Household,174.12,High,Tier 2,Supermarket Type1,39
9.68,Low Sugar,0.03,Canned,130.73,High,Tier 2,Supermarket Type1,39
15.06,Low Sugar,0.292,Snack Foods,159.13,Medium,Tier 1,Departmental Store,27
10.65,Low Sugar,0.055,Snack Foods,154.47,Medium,Tier 2,Supermarket Type2,17
11.52,Low Sugar,0.184,Canned,135.91,Medium,Tier 2,Supermarket Type2,17
8.57,Low Sugar,0.061,Frozen Foods,120.74,Small,Tier 3,Food Mart,28
14.06,Regular,0.046,Breads,208.62,Medium,Tier 1,Departmental Store,27
14.71,Regular,0.107,Dairy,193.86,High,Tier 2,Supermarket Type1,39
16.31,Regular,0.048,Fruits and Vegetables,179.03,Medium,Tier 1,Departmental Store,27
7.87,Low Sugar,0.033,Canned,96.69,Small,Tier 3,Food Mart,28
12.56,Regular,0.008,Snack Foods,133.35,Medium,Tier 2,Supermarket Type2,17
13.91,Regular,0.01,Canned,130.9,Medium,Tier 2,Supermarket Type2,17
10.21,Regular,0.026,Fruits and Vegetables,88.16,Small,Tier 3,Food Mart,28
10.63,No Sugar,0.073,Others,115.43,High,Tier 2,Supermarket Type1,39
14.53,No Sugar,0.095,Others,147.44,Medium,Tier 2,Supermarket Type2,17
12.28,No Sugar,0.16,Household,172.16,Medium,Tier 2,Supermarket Type2,17
13.66,Low Sugar,0.064,Baking Goods,149.54,Medium,Tier 2,Supermarket Type2,17
16.26,Low Sugar,0.174,Seafood,128.94,Medium,Tier 2,Supermarket Type2,17
16.05,Low Sugar,0.066,Snack Foods,183.0,Medium,Tier 1,Departmental Store,27
4.0,Low Sugar,0.077,Snack Foods,75.44,Small,Tier 3,Food Mart,28
12.22,Low Sugar,0.025,Snack Foods,123.19,Medium,Tier 2,Supermarket Type2,17
12.98,Low Sugar,0.137,Frozen Foods,147.22,Medium,Tier 2,Supermarket Type2,17
12.24,No Sugar,0.176,Household,122.93,Medium,Tier 2,Supermarket Type2,17
12.27,Low Sugar,0.178,Hard Drinks,113.12,Medium,Tier 2,Supermarket Type2,17
10.27,Low Sugar,0.04,Baking Goods,169.39,Medium,Tier 2,Supermarket Type2,17
16.33,No Sugar,0.142,Household,187.24,Medium,Tier 1,Departmental Store,27
13.21,Low Sugar,0.013,Canned,113.6,Medium,Tier 2,Supermarket Type2,17
16.32,Regular,0.018,Soft Drinks,174.02,High,Tier 2,Supermarket Type1,39
15.49,Low Sugar,0.054,Dairy,136.38,Medium,Tier 2,Supermarket Type2,17
12.12,Regular,0.12,Fruits and Vegetables,151.5,Medium,Tier 2,Supermarket Type2,17
9.04,No Sugar,0.011,Household,81.64,Small,Tier 3,Food Mart,28
12.92,Low Sugar,0.04,Soft Drinks,172.64,High,Tier 2,Supermarket Type1,39
12.92,Regular,0.064,Snack Foods,147.15,Medium,Tier 2,Supermarket Type2,17
9.51,No Sugar,0.107,Health and Hygiene,155.31,Medium,Tier 2,Supermarket Type2,17
11.97,Low Sugar,0.031,Snack Foods,141.82,Medium,Tier 2,Supermarket Type2,17
6.44,Low Sugar,0.007,Dairy,79.33,Small,Tier 3,Food Mart,28
12.58,No Sugar,0.073,Health and Hygiene,118.43,Medium,Tier 2,Supermarket Type2,17
10.02,Low Sugar,0.076,Fruits and Vegetables,79.16,Small,Tier 3,Food Mart,28
10.39,Low Sugar,0.105,Hard Drinks,145.29,Medium,Tier 2,Supermarket Type2,17
12.84,No Sugar,0.028,Health and Hygiene,135.56,Medium,Tier 2,Supermarket Type2,17
11.46,Regular,0.038,Fruits and Vegetables,106.69,High,Tier 2,Supermarket Type1,39
15.76,Low Sugar,0.046,Snack Foods,176.65,High,Tier 2,Supermarket Type1,39
12.15,Low Sugar,0.033,Snack Foods,120.05,Medium,Tier 1,Departmental Store,27
11.31,Low Sugar,0.036,Fruits and Vegetables,112.2,High,Tier 2,Supermarket Type1,39
11.35,Low Sugar,0.016,Fruits and Vegetables,171.34,Medium,Tier 2,Supermarket Type2,17
10.15,Low Sugar,0.022,Fruits and Vegetables,108.61,Small,Tier 3,Food Mart,28
11.32,Regular,0.112,Snack Foods,120.45,Medium,Tier 2,Supermarket Type2,17
11.04,Regular,0.024,Fruits and Vegetables,134.17,Medium,Tier 2,Supermarket Type2,17
15.9,Low Sugar,0.023,Meat,188.02,Medium,Tier 1,Departmental Store,27
13.86,No Sugar,0.124,Household,168.03,High,Tier 2,Supermarket Type1,39
11.21,Regular,0.057,Meat,124.42,Medium,Tier 2,Supermarket Type2,17
14.85,Regular,0.013,Dairy,122.66,Medium,Tier 2,Supermarket Type2,17
15.05,Regular,0.12,Fruits and Vegetables,198.53,Medium,Tier 1,Departmental Store,27
13.38,Regular,0.014,Canned,165.02,Medium,Tier 2,Supermarket Type2,17
13.69,Low Sugar,0.034,Frozen Foods,141.72,Medium,Tier 2,Supermarket Type2,17
10.78,Regular,0.152,Frozen Foods,135.65,Medium,Tier 2,Supermarket Type2,17
14.68,Low Sugar,0.027,Fruits and Vegetables,139.47,Medium,Tier 2,Supermarket Type2,17
11.69,Low Sugar,0.151,Breakfast,144.35,Medium,Tier 2,Supermarket Type2,17
13.27,Regular,0.074,Breads,202.24,High,Tier 2,Supermarket Type1,39
14.14,Low Sugar,0.093,Fruits and Vegetables,178.59,Medium,Tier 1,Departmental Store,27
14.76,Regular,0.152,Snack Foods,96.1,Medium,Tier 2,Supermarket Type2,17
9.35,Regular,0.126,Breads,111.24,High,Tier 2,Supermarket Type1,39
15.01,Regular,0.041,Meat,196.9,Medium,Tier 1,Departmental Store,27
10.33,Regular,0.042,Fruits and Vegetables,159.97,Medium,Tier 2,Supermarket Type2,17
11.35,Low Sugar,0.036,Fruits and Vegetables,129.96,Medium,Tier 2,Supermarket Type2,17
12.91,Low Sugar,0.063,Dairy,159.11,Medium,Tier 2,Supermarket Type2,17
10.55,Low Sugar,0.078,Fruits and Vegetables,192.06,Medium,Tier 2,Supermarket Type2,17
14.11,Low Sugar,0.029,Fruits and Vegetables,186.12,High,Tier 2,Supermarket Type1,39
11.57,Low Sugar,0.08,Fruits and Vegetables,172.28,Medium,Tier 2,Supermarket Type2,17
14.71,Regular,0.067,Frozen Foods,165.13,Medium,Tier 1,Departmental Store,27
10.41,Low Sugar,0.122,Baking Goods,148.13,Medium,Tier 2,Supermarket Type2,17
6.78,Low Sugar,0.057,Fruits and Vegetables,119.22,Small,Tier 3,Food Mart,28
17.34,No Sugar,0.076,Health and Hygiene,229.58,Medium,Tier 1,Departmental Store,27
16.07,No Sugar,0.053,Household,200.63,Medium,Tier 1,Departmental Store,27
12.98,Regular,0.055,Meat,167.99,Medium,Tier 2,Supermarket Type2,17
12.52,No Sugar,0.052,Household,141.3,Medium,Tier 2,Supermarket Type2,17
15.12,Regular,0.047,Soft Drinks,208.25,Medium,Tier 1,Departmental Store,27
12.39,Low Sugar,0.014,Baking Goods,149.52,Medium,Tier 2,Supermarket Type2,17
9.36,No Sugar,0.036,Health and Hygiene,122.03,Small,Tier 3,Food Mart,28
8.99,Regular,0.075,Dairy,107.5,Small,Tier 3,Food Mart,28
14.83,Regular,0.021,Soft Drinks,147.13,Medium,Tier 2,Supermarket Type2,17
13.8,Low Sugar,0.091,Baking Goods,149.53,Medium,Tier 2,Supermarket Type2,17
15.29,Low Sugar,0.113,Baking Goods,155.21,Medium,Tier 1,Departmental Store,27
15.88,Low Sugar,0.018,Soft Drinks,155.4,Medium,Tier 1,Departmental Store,27
16.35,Regular,0.108,Baking Goods,145.62,Medium,Tier 1,Departmental Store,27
9.14,Low Sugar,0.055,Canned,132.11,High,Tier 2,Supermarket Type1,39
10.94,No Sugar,0.015,Others,161.22,Medium,Tier 2,Supermarket Type2,17
16.81,Low Sugar,0.111,Dairy,180.56,Medium,Tier 1,Departmental Store,27
14.11,Regular,0.023,Frozen Foods,167.1,High,Tier 2,Supermarket Type1,39
16.62,Regular,0.013,Frozen Foods,183.11,Medium,Tier 1,Departmental Store,27
10.97,Low Sugar,0.156,Fruits and Vegetables,175.71,Medium,Tier 2,Supermarket Type2,17
14.33,Low Sugar,0.035,Snack Foods,112.98,Medium,Tier 2,Supermarket Type2,17
11.18,Low Sugar,0.042,Dairy,115.08,High,Tier 2,Supermarket Type1,39
14.46,reg,0.017,Meat,169.11,Medium,Tier 1,Departmental Store,27
11.42,Low Sugar,0.081,Fruits and Vegetables,163.88,Medium,Tier 2,Supermarket Type2,17
13.55,Low Sugar,0.186,Baking Goods,66.75,Small,Tier 3,Food Mart,28
12.11,Low Sugar,0.129,Soft Drinks,153.05,Medium,Tier 2,Supermarket Type2,17
13.62,Low Sugar,0.085,Hard Drinks,91.51,Medium,Tier 2,Supermarket Type2,17
14.3,Low Sugar,0.02,Dairy,126.68,Medium,Tier 2,Supermarket Type2,17
14.74,Low Sugar,0.085,Hard Drinks,187.29,High,Tier 2,Supermarket Type1,39
13.76,Regular,0.063,Frozen Foods,157.3,Medium,Tier 2,Supermarket Type2,17
14.73,Low Sugar,0.143,Snack Foods,165.1,Small,Tier 3,Food Mart,28
13.27,Low Sugar,0.07,Frozen Foods,131.16,Medium,Tier 2,Supermarket Type2,17
14.53,Low Sugar,0.016,Meat,181.25,High,Tier 2,Supermarket Type1,39
8.9,Regular,0.032,Canned,122.61,Small,Tier 3,Food Mart,28
7.14,Low Sugar,0.011,Fruits and Vegetables,109.27,Small,Tier 3,Food Mart,28
13.16,Regular,0.29,Meat,100.73,Medium,Tier 2,Supermarket Type2,17
13.65,Low Sugar,0.071,Frozen Foods,135.3,Medium,Tier 2,Supermarket Type2,17
10.03,Regular,0.096,Snack Foods,151.05,Medium,Tier 2,Supermarket Type2,17
12.84,Low Sugar,0.067,Breakfast,162.37,Medium,Tier 2,Supermarket Type2,17
13.48,Low Sugar,0.024,Fruits and Vegetables,144.6,Medium,Tier 2,Supermarket Type2,17
13.66,No Sugar,0.083,Household,176.33,Medium,Tier 1,Departmental Store,27
13.49,Low Sugar,0.178,Fruits and Vegetables,184.74,Medium,Tier 1,Departmental Store,27
16.7,Regular,0.129,Frozen Foods,134.75,High,Tier 2,Supermarket Type1,39
10.07,Regular,0.006,Meat,104.49,Small,Tier 3,Food Mart,28
11.55,Low Sugar,0.028,Meat,111.89,High,Tier 2,Supermarket Type1,39
13.32,Low Sugar,0.025,Snack Foods,92.42,High,Tier 2,Supermarket Type1,39
11.49,No Sugar,0.043,Household,153.24,Medium,Tier 2,Supermarket Type2,17
11.93,Low Sugar,0.058,Breads,119.61,Medium,Tier 2,Supermarket Type2,17
11.86,Regular,0.067,Meat,113.66,Medium,Tier 2,Supermarket Type2,17
11.15,Low Sugar,0.027,Meat,133.09,Medium,Tier 2,Supermarket Type2,17
10.95,Low Sugar,0.12,Canned,121.71,Medium,Tier 2,Supermarket Type2,17
13.52,Regular,0.033,Meat,184.12,Medium,Tier 1,Departmental Store,27
18.61,No Sugar,0.063,Others,171.14,Medium,Tier 1,Departmental Store,27
12.31,Low Sugar,0.035,Breads,136.34,Medium,Tier 2,Supermarket Type2,17
10.25,No Sugar,0.038,Health and Hygiene,82.21,Small,Tier 3,Food Mart,28
12.19,Low Sugar,0.039,Frozen Foods,143.54,Medium,Tier 2,Supermarket Type2,17
10.24,No Sugar,0.067,Household,146.43,Medium,Tier 2,Supermarket Type2,17
12.64,Low Sugar,0.141,Canned,143.37,Medium,Tier 2,Supermarket Type2,17
14.71,Regular,0.05,Meat,167.8,Medium,Tier 1,Departmental Store,27
10.12,Low Sugar,0.098,Canned,112.07,Small,Tier 3,Food Mart,28
16.59,Low Sugar,0.056,Canned,185.99,Medium,Tier 1,Departmental Store,27
18.04,reg,0.045,Snack Foods,171.3,Medium,Tier 1,Departmental Store,27
13.52,Regular,0.093,Snack Foods,197.19,High,Tier 2,Supermarket Type1,39
14.31,Regular,0.035,Soft Drinks,191.13,High,Tier 2,Supermarket Type1,39
13.6,Regular,0.057,Soft Drinks,168.31,High,Tier 2,Supermarket Type1,39
12.85,Regular,0.074,Meat,140.26,Medium,Tier 2,Supermarket Type2,17
14.09,Regular,0.017,Snack Foods,168.81,Medium,Tier 1,Departmental Store,27
10.6,Low Sugar,0.053,Fruits and Vegetables,141.22,Medium,Tier 2,Supermarket Type2,17
14.5,Low Sugar,0.122,Canned,167.28,Small,Tier 3,Food Mart,28
15.0,Low Sugar,0.161,Fruits and Vegetables,202.46,Medium,Tier 1,Departmental Store,27
15.42,Low Sugar,0.046,Frozen Foods,153.07,Medium,Tier 1,Departmental Store,27
9.44,No Sugar,0.085,Health and Hygiene,118.9,Small,Tier 3,Food Mart,28
11.44,Low Sugar,0.096,Canned,118.25,Medium,Tier 2,Supermarket Type2,17
10.39,Low Sugar,0.01,Meat,132.22,Medium,Tier 2,Supermarket Type2,17
11.33,No Sugar,0.083,Health and Hygiene,161.45,Medium,Tier 2,Supermarket Type2,17
13.22,Regular,0.036,Fruits and Vegetables,162.57,Medium,Tier 2,Supermarket Type2,17
14.38,Regular,0.055,Fruits and Vegetables,185.57,High,Tier 2,Supermarket Type1,39
10.19,Regular,0.025,Canned,165.24,Medium,Tier 2,Supermarket Type2,17
16.95,Regular,0.034,Fruits and Vegetables,151.42,High,Tier 2,Supermarket Type1,39
7.33,Regular,0.039,Meat,81.44,Small,Tier 3,Food Mart,28
10.85,Low Sugar,0.027,Canned,62.8,Small,Tier 3,Food Mart,28
12.91,Regular,0.017,Snack Foods,87.98,High,Tier 2,Supermarket Type1,39
10.55,Low Sugar,0.188,Breads,130.38,Medium,Tier 2,Supermarket Type2,17
13.72,Low Sugar,0.057,Snack Foods,120.09,Medium,Tier 2,Supermarket Type2,17
12.6,Regular,0.024,Fruits and Vegetables,144.95,Medium,Tier 2,Supermarket Type2,17
11.63,Low Sugar,0.004,Frozen Foods,174.42,Medium,Tier 2,Supermarket Type2,17
8.24,Regular,0.071,Frozen Foods,125.42,Small,Tier 3,Food Mart,28
15.52,No Sugar,0.007,Others,183.35,High,Tier 2,Supermarket Type1,39
10.08,No Sugar,0.154,Health and Hygiene,119.91,High,Tier 2,Supermarket Type1,39
12.03,No Sugar,0.026,Health and Hygiene,112.02,Medium,Tier 2,Supermarket Type2,17
15.77,Regular,0.006,Canned,158.1,Medium,Tier 1,Departmental Store,27
12.95,Regular,0.034,Canned,97.63,Medium,Tier 2,Supermarket Type2,17
12.26,No Sugar,0.055,Household,173.11,Medium,Tier 2,Supermarket Type2,17
10.69,Low Sugar,0.039,Baking Goods,155.64,Medium,Tier 2,Supermarket Type2,17
8.33,Regular,0.024,Seafood,101.1,Small,Tier 3,Food Mart,28
15.35,Low Sugar,0.075,Baking Goods,158.89,Small,Tier 3,Food Mart,28
12.0,No Sugar,0.118,Household,81.91,Small,Tier 3,Food Mart,28
11.34,Low Sugar,0.094,Baking Goods,147.74,Medium,Tier 2,Supermarket Type2,17
10.47,Low Sugar,0.063,Hard Drinks,136.4,Medium,Tier 2,Supermarket Type2,17
11.15,Regular,0.085,Baking Goods,146.19,Medium,Tier 2,Supermarket Type2,17
12.9,Low Sugar,0.073,Dairy,195.91,High,Tier 2,Supermarket Type1,39
12.86,Low Sugar,0.047,Fruits and Vegetables,112.91,Medium,Tier 2,Supermarket Type2,17
14.53,Low Sugar,0.013,Soft Drinks,110.97,Medium,Tier 2,Supermarket Type2,17
9.22,Regular,0.016,Baking Goods,87.04,Small,Tier 3,Food Mart,28
10.27,Regular,0.031,Canned,141.78,Medium,Tier 2,Supermarket Type2,17
14.61,Low Sugar,0.026,Breads,141.85,Medium,Tier 2,Supermarket Type2,17
15.14,Low Sugar,0.059,Dairy,103.93,Medium,Tier 2,Supermarket Type2,17
14.67,Low Sugar,0.041,Fruits and Vegetables,156.41,High,Tier 2,Supermarket Type1,39
16.65,Low Sugar,0.027,Fruits and Vegetables,166.25,High,Tier 2,Supermarket Type1,39
10.17,Low Sugar,0.274,Breads,77.76,Small,Tier 3,Food Mart,28
8.09,Low Sugar,0.007,Meat,118.46,Small,Tier 3,Food Mart,28
13.77,Low Sugar,0.065,Dairy,186.41,High,Tier 2,Supermarket Type1,39
11.8,Regular,0.082,Seafood,163.81,Medium,Tier 2,Supermarket Type2,17
8.0,Low Sugar,0.009,Fruits and Vegetables,105.61,Small,Tier 3,Food Mart,28
13.15,Low Sugar,0.016,Fruits and Vegetables,146.39,Medium,Tier 2,Supermarket Type2,17
12.23,Low Sugar,0.028,Baking Goods,165.24,Medium,Tier 2,Supermarket Type2,17
10.31,Low Sugar,0.014,Canned,149.07,Medium,Tier 2,Supermarket Type2,17
12.16,Low Sugar,0.149,Canned,132.5,Medium,Tier 2,Supermarket Type2,17
9.03,Low Sugar,0.049,Fruits and Vegetables,90.52,Small,Tier 3,Food Mart,28
14.83,Regular,0.016,Canned,197.97,High,Tier 2,Supermarket Type1,39
14.77,Low Sugar,0.023,Fruits and Vegetables,189.19,High,Tier 2,Supermarket Type1,39
9.13,Low Sugar,0.021,Dairy,134.46,High,Tier 2,Supermarket Type1,39
7.96,Low Sugar,0.027,Frozen Foods,126.91,Small,Tier 3,Food Mart,28
11.83,Low Sugar,0.043,Canned,153.74,Medium,Tier 2,Supermarket Type2,17
8.93,Low Sugar,0.047,Starchy Foods,139.71,High,Tier 2,Supermarket Type1,39
12.12,Low Sugar,0.143,Soft Drinks,147.54,Medium,Tier 2,Supermarket Type2,17
14.12,Regular,0.039,Meat,174.02,Medium,Tier 1,Departmental Store,27
12.36,Regular,0.086,Canned,131.63,Medium,Tier 2,Supermarket Type2,17
13.45,Low Sugar,0.077,Fruits and Vegetables,118.27,Medium,Tier 2,Supermarket Type2,17
9.44,Low Sugar,0.03,Dairy,97.25,Small,Tier 3,Food Mart,28
9.95,Low Sugar,0.115,Fruits and Vegetables,91.46,Small,Tier 3,Food Mart,28
9.71,Regular,0.051,Frozen Foods,202.69,Medium,Tier 1,Departmental Store,27
12.09,No Sugar,0.063,Others,165.33,Medium,Tier 2,Supermarket Type2,17
11.44,Low Sugar,0.038,Fruits and Vegetables,174.75,Medium,Tier 2,Supermarket Type2,17
12.03,Low Sugar,0.085,Meat,169.95,Medium,Tier 2,Supermarket Type2,17
9.72,Low Sugar,0.03,Snack Foods,102.91,Small,Tier 3,Food Mart,28
15.91,Low Sugar,0.018,Baking Goods,180.01,High,Tier 2,Supermarket Type1,39
14.42,Regular,0.07,Meat,155.14,High,Tier 2,Supermarket Type1,39
12.63,Low Sugar,0.018,Canned,162.61,Medium,Tier 2,Supermarket Type2,17
12.8,Low Sugar,0.046,Baking Goods,177.69,High,Tier 2,Supermarket Type1,39
12.11,No Sugar,0.038,Household,150.48,Medium,Tier 2,Supermarket Type2,17
12.19,Low Sugar,0.115,Baking Goods,117.35,Medium,Tier 2,Supermarket Type2,17
15.98,Low Sugar,0.078,Breads,155.92,Medium,Tier 1,Departmental Store,27
15.15,No Sugar,0.082,Household,151.05,High,Tier 2,Supermarket Type1,39
15.6,No Sugar,0.072,Household,144.06,High,Tier 2,Supermarket Type1,39
14.58,No Sugar,0.044,Others,178.61,High,Tier 2,Supermarket Type1,39
12.59,Low Sugar,0.009,Baking Goods,136.06,Medium,Tier 2,Supermarket Type2,17
12.16,Regular,0.112,Dairy,129.54,Medium,Tier 2,Supermarket Type2,17
10.67,Low Sugar,0.031,Baking Goods,118.79,High,Tier 2,Supermarket Type1,39
10.31,No Sugar,0.054,Health and Hygiene,138.16,Medium,Tier 2,Supermarket Type2,17
12.8,Low Sugar,0.066,Snack Foods,154.24,Medium,Tier 2,Supermarket Type2,17
13.05,Low Sugar,0.027,Fruits and Vegetables,155.6,Medium,Tier 2,Supermarket Type2,17
11.93,Regular,0.055,Dairy,142.75,Medium,Tier 2,Supermarket Type2,17
17.7,Low Sugar,0.059,Dairy,247.62,Medium,Tier 1,Departmental Store,27
12.42,Regular,0.076,Frozen Foods,116.05,Medium,Tier 2,Supermarket Type2,17
11.84,Regular,0.164,Baking Goods,127.81,Medium,Tier 2,Supermarket Type2,17
13.71,reg,0.058,Baking Goods,176.33,Medium,Tier 1,Departmental Store,27
16.8,Low Sugar,0.062,Meat,170.8,Medium,Tier 1,Departmental Store,27
12.25,Low Sugar,0.105,Dairy,150.03,Medium,Tier 2,Supermarket Type2,17
9.15,Low Sugar,0.06,Dairy,119.21,High,Tier 2,Supermarket Type1,39
12.86,Regular,0.021,Canned,167.93,Medium,Tier 2,Supermarket Type2,17
11.12,No Sugar,0.071,Household,173.06,Medium,Tier 2,Supermarket Type2,17
12.88,Regular,0.057,Hard Drinks,189.44,Medium,Tier 1,Departmental Store,27
9.14,Regular,0.048,Canned,150.72,Medium,Tier 2,Supermarket Type2,17
9.21,Regular,0.044,Snack Foods,127.39,Small,Tier 3,Food Mart,28
14.78,No Sugar,0.054,Health and Hygiene,135.47,Medium,Tier 2,Supermarket Type2,17
11.52,Low Sugar,0.085,Baking Goods,122.95,Medium,Tier 2,Supermarket Type2,17
14.18,Low Sugar,0.179,Dairy,161.86,High,Tier 2,Supermarket Type1,39
13.57,Regular,0.057,Meat,164.86,High,Tier 2,Supermarket Type1,39
14.46,Regular,0.162,Frozen Foods,147.39,Medium,Tier 2,Supermarket Type2,17
11.37,No Sugar,0.016,Household,153.27,Medium,Tier 2,Supermarket Type2,17
11.47,Low Sugar,0.065,Breads,165.48,Medium,Tier 2,Supermarket Type2,17
10.85,Low Sugar,0.142,Fruits and Vegetables,106.03,High,Tier 2,Supermarket Type1,39
13.73,Low Sugar,0.068,Snack Foods,185.82,Medium,Tier 1,Departmental Store,27
10.13,Regular,0.114,Meat,163.85,Medium,Tier 2,Supermarket Type2,17
11.97,Regular,0.073,Frozen Foods,169.98,Medium,Tier 2,Supermarket Type2,17
11.4,No Sugar,0.117,Household,143.4,Medium,Tier 2,Supermarket Type2,17
15.2,Low Sugar,0.061,Snack Foods,190.59,High,Tier 2,Supermarket Type1,39
16.4,Low Sugar,0.067,Canned,143.09,Medium,Tier 1,Departmental Store,27
12.27,Low Sugar,0.036,Meat,134.43,Medium,Tier 2,Supermarket Type2,17
13.47,No Sugar,0.052,Health and Hygiene,156.76,Medium,Tier 2,Supermarket Type2,17
12.67,No Sugar,0.042,Health and Hygiene,162.7,Medium,Tier 2,Supermarket Type2,17
7.66,Low Sugar,0.068,Hard Drinks,74.61,Small,Tier 3,Food Mart,28
13.23,Regular,0.057,Baking Goods,124.67,Medium,Tier 2,Supermarket Type2,17
12.13,No Sugar,0.078,Health and Hygiene,77.21,Small,Tier 3,Food Mart,28
14.41,No Sugar,0.082,Household,163.96,High,Tier 2,Supermarket Type1,39
13.92,Low Sugar,0.172,Frozen Foods,147.74,Medium,Tier 2,Supermarket Type2,17
10.98,Regular,0.048,Baking Goods,156.24,Medium,Tier 2,Supermarket Type2,17
10.71,Low Sugar,0.026,Baking Goods,152.1,Medium,Tier 2,Supermarket Type2,17
10.77,Low Sugar,0.141,Canned,122.49,Medium,Tier 2,Supermarket Type2,17
8.92,Low Sugar,0.045,Soft Drinks,84.89,High,Tier 2,Supermarket Type1,39
14.89,No Sugar,0.007,Household,176.25,High,Tier 2,Supermarket Type1,39
9.54,Low Sugar,0.078,Baking Goods,132.03,High,Tier 2,Supermarket Type1,39
15.5,Regular,0.091,Fruits and Vegetables,160.21,Medium,Tier 1,Departmental Store,27
13.37,Low Sugar,0.036,Canned,149.82,Medium,Tier 2,Supermarket Type2,17
11.23,Low Sugar,0.031,Breads,107.35,High,Tier 2,Supermarket Type1,39
10.24,No Sugar,0.051,Health and Hygiene,134.03,Medium,Tier 2,Supermarket Type2,17
14.23,Low Sugar,0.048,Soft Drinks,173.95,Medium,Tier 1,Departmental Store,27
14.25,Low Sugar,0.022,Hard Drinks,188.67,High,Tier 2,Supermarket Type1,39
10.22,Low Sugar,0.053,Fruits and Vegetables,115.57,Small,Tier 3,Food Mart,28
15.63,Regular,0.036,Snack Foods,156.5,Medium,Tier 1,Departmental Store,27
12.92,Regular,0.028,Fruits and Vegetables,165.72,Medium,Tier 2,Supermarket Type2,17
8.76,Regular,0.062,Breakfast,149.63,Medium,Tier 2,Supermarket Type2,17
10.91,No Sugar,0.104,Household,152.46,Medium,Tier 2,Supermarket Type2,17
8.65,Regular,0.044,Fruits and Vegetables,146.15,Medium,Tier 2,Supermarket Type2,17
13.51,Low Sugar,0.013,Frozen Foods,178.92,Medium,Tier 1,Departmental Store,27
11.78,Regular,0.029,Fruits and Vegetables,145.82,Medium,Tier 2,Supermarket Type2,17
14.85,Low Sugar,0.035,Dairy,177.97,High,Tier 2,Supermarket Type1,39
15.1,No Sugar,0.129,Others,171.66,High,Tier 2,Supermarket Type1,39
10.21,Low Sugar,0.025,Dairy,125.47,High,Tier 2,Supermarket Type1,39
14.33,Regular,0.087,Seafood,223.34,Medium,Tier 1,Departmental Store,27
14.56,Low Sugar,0.039,Baking Goods,156.96,High,Tier 2,Supermarket Type1,39
15.5,Regular,0.143,Snack Foods,163.11,Medium,Tier 1,Departmental Store,27
12.79,Low Sugar,0.019,Breads,105.05,Medium,Tier 2,Supermarket Type2,17
8.29,Low Sugar,0.093,Frozen Foods,114.4,Small,Tier 3,Food Mart,28
11.96,Low Sugar,0.064,Starchy Foods,156.81,Medium,Tier 2,Supermarket Type2,17
13.77,Low Sugar,0.131,Dairy,180.91,High,Tier 2,Supermarket Type1,39
12.56,Low Sugar,0.062,Frozen Foods,160.78,Medium,Tier 2,Supermarket Type2,17
11.2,Regular,0.12,Frozen Foods,165.72,Medium,Tier 2,Supermarket Type2,17
16.27,Low Sugar,0.03,Breakfast,162.6,High,Tier 2,Supermarket Type1,39
13.25,Regular,0.077,Canned,127.02,Medium,Tier 2,Supermarket Type2,17
12.87,Regular,0.057,Fruits and Vegetables,151.87,Medium,Tier 2,Supermarket Type2,17
11.93,Low Sugar,0.013,Breads,147.05,Medium,Tier 2,Supermarket Type2,17
13.74,Low Sugar,0.01,Frozen Foods,164.74,High,Tier 2,Supermarket Type1,39
12.35,Low Sugar,0.044,Fruits and Vegetables,137.24,Medium,Tier 2,Supermarket Type2,17
12.64,Low Sugar,0.09,Snack Foods,122.19,Medium,Tier 2,Supermarket Type2,17
17.72,Low Sugar,0.039,Hard Drinks,152.03,Medium,Tier 1,Departmental Store,27
8.96,Low Sugar,0.019,Soft Drinks,178.6,Medium,Tier 2,Supermarket Type2,17
15.5,Low Sugar,0.03,Canned,151.87,High,Tier 2,Supermarket Type1,39
11.63,Regular,0.085,Frozen Foods,83.78,Small,Tier 3,Food Mart,28
12.71,Low Sugar,0.136,Starchy Foods,134.76,Medium,Tier 2,Supermarket Type2,17
16.59,Regular,0.099,Canned,176.12,Medium,Tier 1,Departmental Store,27
12.86,Low Sugar,0.16,Snack Foods,193.84,Medium,Tier 1,Departmental Store,27
14.16,Regular,0.046,Snack Foods,161.31,High,Tier 2,Supermarket Type1,39
13.13,Regular,0.033,Snack Foods,163.4,Medium,Tier 2,Supermarket Type2,17
18.18,Regular,0.025,Meat,145.56,Medium,Tier 1,Departmental Store,27
16.65,Low Sugar,0.018,Meat,148.38,Medium,Tier 1,Departmental Store,27
11.03,Low Sugar,0.058,Frozen Foods,155.66,Medium,Tier 2,Supermarket Type2,17
13.88,Low Sugar,0.138,Snack Foods,106.07,Medium,Tier 2,Supermarket Type2,17
13.68,Regular,0.041,Dairy,137.98,Medium,Tier 2,Supermarket Type2,17
12.02,No Sugar,0.133,Household,172.95,Medium,Tier 2,Supermarket Type2,17
11.49,Low Sugar,0.013,Snack Foods,169.3,Medium,Tier 2,Supermarket Type2,17
13.14,Low Sugar,0.026,Canned,185.08,Medium,Tier 1,Departmental Store,27
11.93,Low Sugar,0.032,Meat,148.77,Medium,Tier 2,Supermarket Type2,17
10.4,Regular,0.029,Meat,135.2,Medium,Tier 2,Supermarket Type2,17
7.91,Low Sugar,0.033,Frozen Foods,152.02,High,Tier 2,Supermarket Type1,39
10.34,Low Sugar,0.05,Meat,110.02,Small,Tier 3,Food Mart,28
10.91,Low Sugar,0.094,Soft Drinks,97.7,Small,Tier 3,Food Mart,28
12.95,Low Sugar,0.027,Baking Goods,168.21,Small,Tier 3,Food Mart,28
13.71,No Sugar,0.104,Health and Hygiene,172.2,Medium,Tier 1,Departmental Store,27
14.28,Low Sugar,0.006,Dairy,210.04,Medium,Tier 1,Departmental Store,27
15.16,Regular,0.13,Meat,132.89,Medium,Tier 2,Supermarket Type2,17
16.66,No Sugar,0.119,Others,168.63,High,Tier 2,Supermarket Type1,39
14.35,No Sugar,0.037,Household,241.63,Medium,Tier 1,Departmental Store,27
12.85,Low Sugar,0.038,Seafood,124.41,Medium,Tier 2,Supermarket Type2,17
11.73,No Sugar,0.14,Health and Hygiene,177.42,Medium,Tier 2,Supermarket Type2,17
11.95,Low Sugar,0.081,Dairy,154.0,Medium,Tier 2,Supermarket Type2,17
13.87,Regular,0.109,Canned,110.88,Medium,Tier 2,Supermarket Type2,17
15.04,Low Sugar,0.04,Frozen Foods,131.2,Medium,Tier 2,Supermarket Type2,17
13.87,Regular,0.076,Fruits and Vegetables,170.59,Medium,Tier 1,Departmental Store,27
11.66,Low Sugar,0.027,Hard Drinks,140.56,Medium,Tier 2,Supermarket Type2,17
13.23,No Sugar,0.041,Household,196.9,High,Tier 2,Supermarket Type1,39
13.57,Low Sugar,0.085,Meat,173.01,High,Tier 2,Supermarket Type1,39
17.17,Low Sugar,0.042,Fruits and Vegetables,130.83,High,Tier 2,Supermarket Type1,39
15.02,No Sugar,0.072,Household,174.62,Small,Tier 3,Food Mart,28
13.1,Low Sugar,0.049,Snack Foods,170.78,High,Tier 2,Supermarket Type1,39
12.65,Low Sugar,0.104,Breakfast,124.21,Medium,Tier 2,Supermarket Type2,17
15.17,Regular,0.092,Meat,182.35,High,Tier 2,Supermarket Type1,39
10.72,Low Sugar,0.006,Frozen Foods,143.19,Medium,Tier 2,Supermarket Type2,17
11.65,Regular,0.084,Breakfast,169.04,Medium,Tier 2,Supermarket Type2,17
9.63,No Sugar,0.03,Others,101.46,Small,Tier 3,Food Mart,28
11.73,Low Sugar,0.017,Dairy,104.99,High,Tier 2,Supermarket Type1,39
9.74,Low Sugar,0.07,Baking Goods,143.67,Medium,Tier 2,Supermarket Type2,17
14.65,No Sugar,0.037,Household,167.96,Medium,Tier 1,Departmental Store,27
14.95,Low Sugar,0.04,Snack Foods,183.23,High,Tier 2,Supermarket Type1,39
14.59,Low Sugar,0.183,Hard Drinks,161.64,High,Tier 2,Supermarket Type1,39
14.32,Regular,0.046,Meat,159.7,High,Tier 2,Supermarket Type1,39
12.98,No Sugar,0.007,Health and Hygiene,194.72,High,Tier 2,Supermarket Type1,39
15.5,Low Sugar,0.039,Meat,169.75,High,Tier 2,Supermarket Type1,39
17.36,Low Sugar,0.024,Breads,208.6,Medium,Tier 1,Departmental Store,27
16.13,Low Sugar,0.042,Baking Goods,206.83,Medium,Tier 1,Departmental Store,27
12.31,Low Sugar,0.068,Snack Foods,144.44,Medium,Tier 2,Supermarket Type2,17
14.47,Regular,0.023,Fruits and Vegetables,146.44,Medium,Tier 2,Supermarket Type2,17
12.37,Regular,0.083,Fruits and Vegetables,166.94,Medium,Tier 2,Supermarket Type2,17
9.58,Regular,0.136,Fruits and Vegetables,123.6,Small,Tier 3,Food Mart,28
11.15,No Sugar,0.035,Household,204.67,High,Tier 2,Supermarket Type1,39
13.31,Low Sugar,0.011,Hard Drinks,148.87,Medium,Tier 2,Supermarket Type2,17
11.86,No Sugar,0.057,Household,142.51,Medium,Tier 2,Supermarket Type2,17
13.81,Low Sugar,0.035,Frozen Foods,117.24,Medium,Tier 2,Supermarket Type2,17
14.71,No Sugar,0.025,Household,157.29,High,Tier 2,Supermarket Type1,39
16.74,Low Sugar,0.076,Soft Drinks,161.51,High,Tier 2,Supermarket Type1,39
12.29,Low Sugar,0.012,Dairy,165.69,Medium,Tier 2,Supermarket Type2,17
11.52,Low Sugar,0.121,Dairy,130.14,Medium,Tier 2,Supermarket Type2,17
16.45,Low Sugar,0.021,Frozen Foods,199.29,Medium,Tier 1,Departmental Store,27
12.33,Low Sugar,0.063,Baking Goods,158.14,Medium,Tier 2,Supermarket Type2,17
10.33,No Sugar,0.042,Health and Hygiene,140.23,Medium,Tier 2,Supermarket Type2,17
10.49,Low Sugar,0.089,Meat,140.01,Medium,Tier 2,Supermarket Type2,17
12.24,Regular,0.088,Meat,192.26,Medium,Tier 1,Departmental Store,27
12.09,Low Sugar,0.029,Frozen Foods,194.25,Medium,Tier 1,Departmental Store,27
15.74,Low Sugar,0.061,Frozen Foods,155.21,Medium,Tier 1,Departmental Store,27
11.12,Low Sugar,0.111,Dairy,97.35,Small,Tier 3,Food Mart,28
11.52,Low Sugar,0.046,Snack Foods,145.66,Medium,Tier 2,Supermarket Type2,17
12.25,Low Sugar,0.094,Frozen Foods,108.07,Medium,Tier 2,Supermarket Type2,17
11.49,Regular,0.048,Frozen Foods,106.09,High,Tier 2,Supermarket Type1,39
12.36,Low Sugar,0.188,Starchy Foods,152.56,Medium,Tier 2,Supermarket Type2,17
11.54,Low Sugar,0.08,Snack Foods,137.17,Medium,Tier 2,Supermarket Type2,17
16.66,Low Sugar,0.038,Baking Goods,162.77,High,Tier 2,Supermarket Type1,39
7.82,reg,0.036,Hard Drinks,102.18,Small,Tier 3,Food Mart,28
13.81,Low Sugar,0.05,Soft Drinks,168.59,High,Tier 2,Supermarket Type1,39
9.12,Regular,0.036,Frozen Foods,106.5,Small,Tier 3,Food Mart,28
10.18,Low Sugar,0.052,Fruits and Vegetables,138.71,Medium,Tier 2,Supermarket Type2,17
10.87,Low Sugar,0.122,Dairy,130.32,Medium,Tier 2,Supermarket Type2,17
11.15,Low Sugar,0.189,Canned,154.86,Medium,Tier 2,Supermarket Type2,17
13.56,Regular,0.062,Seafood,135.41,Medium,Tier 2,Supermarket Type2,17
14.09,Regular,0.019,Soft Drinks,137.41,Medium,Tier 2,Supermarket Type2,17
8.71,Low Sugar,0.04,Frozen Foods,98.57,Small,Tier 3,Food Mart,28
10.4,Regular,0.066,Canned,90.22,Small,Tier 3,Food Mart,28
14.45,Low Sugar,0.041,Meat,123.66,Medium,Tier 2,Supermarket Type2,17
9.02,Low Sugar,0.072,Canned,103.58,Small,Tier 3,Food Mart,28
12.59,Low Sugar,0.017,Breakfast,140.5,Medium,Tier 1,Departmental Store,27
12.43,Low Sugar,0.128,Dairy,135.64,Medium,Tier 2,Supermarket Type2,17
10.71,Low Sugar,0.009,Frozen Foods,133.26,Medium,Tier 2,Supermarket Type2,17
7.79,Regular,0.036,Fruits and Vegetables,101.68,Small,Tier 3,Food Mart,28
10.93,Regular,0.107,Snack Foods,131.5,Medium,Tier 2,Supermarket Type2,17
14.4,Low Sugar,0.089,Snack Foods,187.93,High,Tier 2,Supermarket Type1,39
11.51,Regular,0.069,Seafood,163.1,Medium,Tier 2,Supermarket Type2,17
11.09,Low Sugar,0.062,Meat,132.55,Medium,Tier 2,Supermarket Type2,17
14.35,Regular,0.064,Canned,194.49,High,Tier 2,Supermarket Type1,39
11.41,Low Sugar,0.019,Fruits and Vegetables,134.69,Medium,Tier 2,Supermarket Type2,17
13.92,No Sugar,0.036,Health and Hygiene,188.87,High,Tier 2,Supermarket Type1,39
15.69,Low Sugar,0.12,Baking Goods,161.41,Medium,Tier 1,Departmental Store,27
12.73,No Sugar,0.104,Household,149.62,Medium,Tier 2,Supermarket Type2,17
13.61,Regular,0.038,Fruits and Vegetables,189.27,High,Tier 2,Supermarket Type1,39
16.16,Low Sugar,0.113,Starchy Foods,110.2,Medium,Tier 2,Supermarket Type2,17
10.72,Low Sugar,0.03,Frozen Foods,99.41,Small,Tier 3,Food Mart,28
13.32,Low Sugar,0.046,Soft Drinks,111.12,Medium,Tier 2,Supermarket Type2,17
11.76,No Sugar,0.091,Health and Hygiene,132.54,Medium,Tier 2,Supermarket Type2,17
13.51,Low Sugar,0.018,Snack Foods,186.06,Medium,Tier 1,Departmental Store,27
11.95,Regular,0.039,Starchy Foods,137.32,Medium,Tier 1,Departmental Store,27
15.87,Low Sugar,0.106,Meat,213.28,Medium,Tier 1,Departmental Store,27
8.41,Low Sugar,0.09,Canned,159.61,Medium,Tier 1,Departmental Store,27
15.59,Low Sugar,0.019,Canned,187.02,High,Tier 2,Supermarket Type1,39
13.17,Regular,0.017,Frozen Foods,208.86,High,Tier 2,Supermarket Type1,39
13.53,Low Sugar,0.038,Meat,130.74,Medium,Tier 2,Supermarket Type2,17
15.49,Low Sugar,0.018,Snack Foods,173.1,High,Tier 2,Supermarket Type1,39
12.0,No Sugar,0.068,Household,106.16,High,Tier 2,Supermarket Type1,39
10.8,Low Sugar,0.085,Frozen Foods,124.11,Medium,Tier 2,Supermarket Type2,17
14.25,Regular,0.053,Snack Foods,170.39,Medium,Tier 1,Departmental Store,27
13.88,No Sugar,0.023,Health and Hygiene,116.7,Medium,Tier 2,Supermarket Type2,17
10.71,No Sugar,0.073,Health and Hygiene,142.14,Medium,Tier 2,Supermarket Type2,17
10.89,Regular,0.082,Baking Goods,147.95,Medium,Tier 2,Supermarket Type2,17
11.42,Regular,0.16,Fruits and Vegetables,160.7,Medium,Tier 2,Supermarket Type2,17
14.06,No Sugar,0.041,Health and Hygiene,82.53,High,Tier 2,Supermarket Type1,39
12.38,Low Sugar,0.015,Canned,146.22,Medium,Tier 2,Supermarket Type2,17
12.38,Regular,0.056,Dairy,161.95,Medium,Tier 2,Supermarket Type2,17
11.56,Low Sugar,0.114,Fruits and Vegetables,137.97,Medium,Tier 2,Supermarket Type2,17
9.8,Low Sugar,0.085,Fruits and Vegetables,114.01,Small,Tier 3,Food Mart,28
11.15,Low Sugar,0.107,Snack Foods,167.36,Medium,Tier 2,Supermarket Type2,17
12.45,Low Sugar,0.075,Fruits and Vegetables,130.66,Medium,Tier 2,Supermarket Type2,17
13.33,Low Sugar,0.136,Snack Foods,102.39,Medium,Tier 2,Supermarket Type2,17
14.46,Low Sugar,0.012,Meat,140.34,Medium,Tier 2,Supermarket Type2,17
9.32,Low Sugar,0.011,Fruits and Vegetables,108.34,Small,Tier 3,Food Mart,28
11.88,Low Sugar,0.16,Breads,128.15,Medium,Tier 2,Supermarket Type2,17
10.97,Regular,0.016,Meat,138.24,Medium,Tier 2,Supermarket Type2,17
12.82,Low Sugar,0.055,Soft Drinks,115.68,Medium,Tier 2,Supermarket Type2,17
10.66,Low Sugar,0.1,Snack Foods,160.32,Medium,Tier 2,Supermarket Type2,17
14.41,Low Sugar,0.125,Dairy,141.15,Medium,Tier 2,Supermarket Type2,17
11.62,Low Sugar,0.038,Fruits and Vegetables,155.09,Medium,Tier 2,Supermarket Type2,17
10.06,Low Sugar,0.142,Frozen Foods,161.89,Medium,Tier 2,Supermarket Type2,17
11.36,Low Sugar,0.094,Frozen Foods,142.11,Medium,Tier 2,Supermarket Type2,17
9.81,Low Sugar,0.045,Snack Foods,176.97,Medium,Tier 2,Supermarket Type2,17
13.97,Low Sugar,0.034,Snack Foods,213.63,Medium,Tier 1,Departmental Store,27
13.2,No Sugar,0.028,Health and Hygiene,141.04,Medium,Tier 2,Supermarket Type2,17
13.53,Regular,0.11,Frozen Foods,160.24,Medium,Tier 2,Supermarket Type2,17
7.26,Low Sugar,0.071,Dairy,120.44,Small,Tier 3,Food Mart,28
12.57,Low Sugar,0.082,Meat,129.55,Medium,Tier 2,Supermarket Type2,17
11.96,Low Sugar,0.022,Frozen Foods,172.86,Medium,Tier 2,Supermarket Type2,17
14.86,No Sugar,0.07,Health and Hygiene,157.62,High,Tier 2,Supermarket Type1,39
14.09,Low Sugar,0.097,Snack Foods,206.9,Medium,Tier 1,Departmental Store,27
12.89,Low Sugar,0.026,Hard Drinks,152.4,Small,Tier 3,Food Mart,28
16.53,Low Sugar,0.156,Meat,177.12,Medium,Tier 1,Departmental Store,27
14.46,Low Sugar,0.075,Dairy,158.71,High,Tier 2,Supermarket Type1,39
14.31,No Sugar,0.033,Health and Hygiene,151.97,Medium,Tier 2,Supermarket Type2,17
13.2,Regular,0.056,Soft Drinks,157.43,Medium,Tier 2,Supermarket Type2,17
13.22,reg,0.031,Canned,150.63,Medium,Tier 2,Supermarket Type2,17
13.78,Low Sugar,0.102,Snack Foods,193.91,High,Tier 2,Supermarket Type1,39
11.74,Low Sugar,0.026,Meat,125.81,Medium,Tier 2,Supermarket Type2,17
12.78,Regular,0.058,Frozen Foods,148.44,Medium,Tier 2,Supermarket Type2,17
13.64,Low Sugar,0.133,Dairy,191.75,High,Tier 2,Supermarket Type1,39
10.62,Low Sugar,0.061,Frozen Foods,116.5,High,Tier 2,Supermarket Type1,39
14.27,Regular,0.04,Canned,141.2,Medium,Tier 2,Supermarket Type2,17
11.7,Low Sugar,0.019,Frozen Foods,189.55,High,Tier 2,Supermarket Type1,39
14.66,Low Sugar,0.093,Snack Foods,122.03,Medium,Tier 2,Supermarket Type2,17
12.71,Low Sugar,0.15,Soft Drinks,183.32,Medium,Tier 1,Departmental Store,27
16.89,Regular,0.126,Dairy,186.78,Medium,Tier 1,Departmental Store,27
16.8,Regular,0.033,Breakfast,176.82,Medium,Tier 1,Departmental Store,27
17.79,Regular,0.119,Baking Goods,95.09,Medium,Tier 2,Supermarket Type2,17
12.53,No Sugar,0.113,Household,139.39,Medium,Tier 2,Supermarket Type2,17
17.97,Low Sugar,0.049,Hard Drinks,204.44,Medium,Tier 1,Departmental Store,27
13.75,Regular,0.033,Canned,121.15,Medium,Tier 2,Supermarket Type2,17
16.24,Low Sugar,0.026,Soft Drinks,153.0,Medium,Tier 1,Departmental Store,27
12.55,No Sugar,0.174,Household,140.04,Medium,Tier 2,Supermarket Type2,17
12.08,No Sugar,0.177,Household,152.73,Medium,Tier 2,Supermarket Type2,17
8.35,No Sugar,0.185,Household,136.18,Small,Tier 3,Food Mart,28
15.62,No Sugar,0.021,Household,230.65,Medium,Tier 1,Departmental Store,27
16.67,Low Sugar,0.089,Snack Foods,182.92,Medium,Tier 1,Departmental Store,27
11.92,Regular,0.021,Breads,120.9,Medium,Tier 2,Supermarket Type2,17
9.94,Low Sugar,0.029,Canned,116.89,Small,Tier 3,Food Mart,28
13.89,Low Sugar,0.064,Soft Drinks,123.74,Medium,Tier 2,Supermarket Type2,17
12.39,No Sugar,0.021,Household,118.51,Medium,Tier 2,Supermarket Type2,17
7.02,Low Sugar,0.066,Snack Foods,101.02,Small,Tier 3,Food Mart,28
12.79,Low Sugar,0.045,Snack Foods,161.31,Medium,Tier 2,Supermarket Type2,17
14.12,No Sugar,0.041,Health and Hygiene,156.9,Medium,Tier 2,Supermarket Type2,17
12.56,Regular,0.032,Snack Foods,135.83,Medium,Tier 2,Supermarket Type2,17
13.22,No Sugar,0.157,Household,115.95,Medium,Tier 2,Supermarket Type2,17
14.16,Low Sugar,0.01,Starchy Foods,139.42,Medium,Tier 2,Supermarket Type2,17
11.61,No Sugar,0.035,Health and Hygiene,96.42,Small,Tier 3,Food Mart,28
16.71,Low Sugar,0.154,Dairy,157.73,Medium,Tier 1,Departmental Store,27
13.67,Low Sugar,0.119,Canned,164.43,High,Tier 2,Supermarket Type1,39
14.06,Low Sugar,0.056,Frozen Foods,209.76,Medium,Tier 1,Departmental Store,27
11.37,Regular,0.07,Frozen Foods,137.1,Medium,Tier 2,Supermarket Type2,17
13.27,Low Sugar,0.066,Snack Foods,184.35,Medium,Tier 1,Departmental Store,27
13.0,Low Sugar,0.03,Baking Goods,128.38,Medium,Tier 2,Supermarket Type2,17
11.72,Regular,0.054,Frozen Foods,121.49,Medium,Tier 2,Supermarket Type2,17
9.72,Low Sugar,0.013,Baking Goods,121.49,Small,Tier 3,Food Mart,28
15.57,Low Sugar,0.021,Breakfast,188.4,Medium,Tier 1,Departmental Store,27
17.29,Low Sugar,0.018,Baking Goods,183.51,Medium,Tier 1,Departmental Store,27
14.45,No Sugar,0.017,Household,175.47,Medium,Tier 1,Departmental Store,27
15.51,Low Sugar,0.123,Baking Goods,162.52,Medium,Tier 1,Departmental Store,27
14.39,Low Sugar,0.047,Fruits and Vegetables,158.65,High,Tier 2,Supermarket Type1,39
13.2,Regular,0.008,Fruits and Vegetables,171.82,High,Tier 2,Supermarket Type1,39
12.31,No Sugar,0.129,Household,105.99,Medium,Tier 2,Supermarket Type2,17
15.27,Low Sugar,0.015,Frozen Foods,178.72,Small,Tier 3,Food Mart,28
10.5,Low Sugar,0.083,Dairy,116.64,Medium,Tier 1,Departmental Store,27
13.2,Low Sugar,0.125,Dairy,150.37,Medium,Tier 2,Supermarket Type2,17
11.29,No Sugar,0.133,Health and Hygiene,170.93,Medium,Tier 2,Supermarket Type2,17
12.74,Low Sugar,0.039,Breads,148.4,Medium,Tier 2,Supermarket Type2,17
11.18,Regular,0.046,Starchy Foods,102.45,Small,Tier 3,Food Mart,28
10.73,Low Sugar,0.053,Dairy,113.31,High,Tier 2,Supermarket Type1,39
9.5,Low Sugar,0.01,Snack Foods,111.24,Small,Tier 3,Food Mart,28
15.61,Regular,0.044,Canned,172.4,High,Tier 2,Supermarket Type1,39
13.84,Low Sugar,0.28,Dairy,113.31,Medium,Tier 2,Supermarket Type2,17
12.47,Regular,0.053,Meat,173.88,Medium,Tier 2,Supermarket Type2,17
12.56,Low Sugar,0.023,Meat,134.11,Medium,Tier 2,Supermarket Type2,17
13.39,No Sugar,0.175,Health and Hygiene,160.31,Medium,Tier 2,Supermarket Type2,17
11.97,Low Sugar,0.022,Fruits and Vegetables,111.78,Medium,Tier 2,Supermarket Type2,17
11.18,Low Sugar,0.093,Fruits and Vegetables,137.91,Medium,Tier 2,Supermarket Type2,17
15.16,No Sugar,0.046,Household,145.42,Medium,Tier 2,Supermarket Type2,17
10.82,Low Sugar,0.057,Breakfast,154.82,Medium,Tier 2,Supermarket Type2,17
9.48,No Sugar,0.043,Health and Hygiene,102.74,Small,Tier 3,Food Mart,28
11.9,No Sugar,0.142,Health and Hygiene,100.77,High,Tier 2,Supermarket Type1,39
12.89,Low Sugar,0.047,Soft Drinks,198.96,High,Tier 2,Supermarket Type1,39
16.39,Low Sugar,0.078,Baking Goods,183.04,Medium,Tier 1,Departmental Store,27
9.24,Low Sugar,0.045,Fruits and Vegetables,130.95,High,Tier 2,Supermarket Type1,39
9.92,No Sugar,0.141,Health and Hygiene,94.98,Small,Tier 3,Food Mart,28
9.85,Regular,0.044,Meat,96.8,Small,Tier 3,Food Mart,28
9.08,Regular,0.032,Baking Goods,150.59,Medium,Tier 2,Supermarket Type2,17
12.52,Low Sugar,0.024,Baking Goods,160.88,Medium,Tier 2,Supermarket Type2,17
12.37,No Sugar,0.038,Household,129.99,Medium,Tier 2,Supermarket Type2,17
13.44,reg,0.142,Soft Drinks,150.33,Medium,Tier 2,Supermarket Type2,17
11.43,Low Sugar,0.108,Fruits and Vegetables,141.98,Medium,Tier 2,Supermarket Type2,17
9.79,No Sugar,0.088,Household,176.71,Medium,Tier 2,Supermarket Type2,17
15.48,Regular,0.057,Fruits and Vegetables,148.8,High,Tier 2,Supermarket Type1,39
14.63,Low Sugar,0.066,Snack Foods,135.4,Medium,Tier 2,Supermarket Type2,17
14.34,No Sugar,0.047,Household,199.55,High,Tier 2,Supermarket Type1,39
14.58,Low Sugar,0.054,Frozen Foods,139.7,Medium,Tier 2,Supermarket Type2,17
10.12,No Sugar,0.039,Health and Hygiene,152.58,Medium,Tier 2,Supermarket Type2,17
13.16,Low Sugar,0.019,Baking Goods,160.93,Medium,Tier 2,Supermarket Type2,17
13.12,Regular,0.029,Canned,142.39,Medium,Tier 2,Supermarket Type2,17
12.72,Low Sugar,0.053,Baking Goods,147.1,Medium,Tier 2,Supermarket Type2,17
12.04,Low Sugar,0.022,Snack Foods,147.49,Medium,Tier 2,Supermarket Type2,17
12.01,Low Sugar,0.016,Dairy,131.45,Medium,Tier 2,Supermarket Type2,17
16.6,Low Sugar,0.123,Frozen Foods,199.63,Medium,Tier 1,Departmental Store,27
11.37,Low Sugar,0.079,Snack Foods,108.22,High,Tier 2,Supermarket Type1,39
9.4,Low Sugar,0.067,Meat,133.71,High,Tier 2,Supermarket Type1,39
11.39,Low Sugar,0.026,Canned,118.84,Medium,Tier 2,Supermarket Type2,17
11.54,Regular,0.032,Frozen Foods,117.75,Medium,Tier 2,Supermarket Type2,17
14.96,Low Sugar,0.062,Dairy,250.14,Medium,Tier 1,Departmental Store,27
13.54,Regular,0.093,Baking Goods,113.6,Medium,Tier 2,Supermarket Type2,17
13.9,Low Sugar,0.056,Baking Goods,151.03,Medium,Tier 2,Supermarket Type2,17
10.68,Low Sugar,0.017,Canned,96.41,Small,Tier 3,Food Mart,28
16.51,Regular,0.075,Hard Drinks,129.85,Medium,Tier 2,Supermarket Type2,17
16.29,reg,0.184,Frozen Foods,217.94,Medium,Tier 1,Departmental Store,27
10.06,Low Sugar,0.031,Fruits and Vegetables,134.53,Medium,Tier 2,Supermarket Type2,17
13.08,Regular,0.027,Snack Foods,155.88,Medium,Tier 2,Supermarket Type2,17
14.83,Regular,0.148,Baking Goods,181.27,High,Tier 2,Supermarket Type1,39
11.62,reg,0.054,Canned,136.42,Medium,Tier 2,Supermarket Type2,17
14.84,No Sugar,0.11,Household,167.73,Medium,Tier 1,Departmental Store,27
13.87,Low Sugar,0.129,Snack Foods,142.63,Medium,Tier 2,Supermarket Type2,17
8.62,No Sugar,0.049,Health and Hygiene,141.9,High,Tier 2,Supermarket Type1,39
14.14,Low Sugar,0.104,Dairy,156.29,Medium,Tier 2,Supermarket Type2,17
14.24,Low Sugar,0.135,Frozen Foods,101.53,Medium,Tier 2,Supermarket Type2,17
12.45,No Sugar,0.056,Household,83.69,Small,Tier 3,Food Mart,28
9.94,Low Sugar,0.184,Frozen Foods,92.19,Small,Tier 3,Food Mart,28
8.62,Low Sugar,0.11,Snack Foods,74.28,Small,Tier 3,Food Mart,28
19.4,Low Sugar,0.059,Frozen Foods,152.22,Medium,Tier 1,Departmental Store,27
10.15,Regular,0.031,Fruits and Vegetables,90.96,Small,Tier 3,Food Mart,28
12.51,Low Sugar,0.039,Meat,122.83,Medium,Tier 2,Supermarket Type2,17
11.46,Low Sugar,0.11,Hard Drinks,129.89,Medium,Tier 2,Supermarket Type2,17
13.35,Regular,0.16,Baking Goods,157.45,Medium,Tier 2,Supermarket Type2,17
11.12,Low Sugar,0.16,Canned,139.1,Medium,Tier 2,Supermarket Type2,17
11.95,Low Sugar,0.08,Starchy Foods,129.5,Medium,Tier 2,Supermarket Type2,17
12.34,No Sugar,0.062,Health and Hygiene,150.26,Medium,Tier 2,Supermarket Type2,17
12.71,Low Sugar,0.079,Fruits and Vegetables,136.62,Medium,Tier 2,Supermarket Type2,17
11.8,Low Sugar,0.033,Fruits and Vegetables,158.74,Medium,Tier 2,Supermarket Type2,17
15.4,Low Sugar,0.039,Frozen Foods,156.01,Medium,Tier 1,Departmental Store,27
15.78,No Sugar,0.067,Health and Hygiene,186.35,Medium,Tier 1,Departmental Store,27
11.13,Regular,0.088,Dairy,135.51,Medium,Tier 2,Supermarket Type2,17
13.0,Low Sugar,0.111,Snack Foods,133.1,Medium,Tier 2,Supermarket Type2,17
13.71,No Sugar,0.176,Health and Hygiene,116.67,Medium,Tier 2,Supermarket Type2,17
13.09,Low Sugar,0.041,Dairy,134.57,Medium,Tier 2,Supermarket Type2,17
16.07,Low Sugar,0.033,Snack Foods,185.45,Medium,Tier 1,Departmental Store,27
12.25,Low Sugar,0.051,Hard Drinks,161.77,Medium,Tier 2,Supermarket Type2,17
12.44,Low Sugar,0.022,Snack Foods,133.88,Medium,Tier 2,Supermarket Type2,17
10.74,Low Sugar,0.13,Soft Drinks,107.17,Small,Tier 3,Food Mart,28
6.95,Low Sugar,0.079,Canned,50.13,Small,Tier 3,Food Mart,28
10.2,Low Sugar,0.077,Soft Drinks,77.01,Small,Tier 3,Food Mart,28
11.34,Low Sugar,0.045,Fruits and Vegetables,121.61,Medium,Tier 2,Supermarket Type2,17
15.81,Low Sugar,0.089,Snack Foods,169.42,High,Tier 2,Supermarket Type1,39
11.04,Low Sugar,0.058,Fruits and Vegetables,167.84,Medium,Tier 1,Departmental Store,27
12.77,Regular,0.112,Snack Foods,127.22,Medium,Tier 2,Supermarket Type2,17
11.97,Low Sugar,0.067,Hard Drinks,128.41,Medium,Tier 2,Supermarket Type2,17
12.99,Low Sugar,0.038,Meat,155.48,Medium,Tier 2,Supermarket Type2,17
9.55,Regular,0.035,Dairy,144.86,Medium,Tier 2,Supermarket Type2,17
12.57,Low Sugar,0.063,Snack Foods,162.13,Medium,Tier 2,Supermarket Type2,17
6.71,Low Sugar,0.129,Fruits and Vegetables,65.21,Small,Tier 3,Food Mart,28
12.13,Low Sugar,0.023,Dairy,159.75,Medium,Tier 2,Supermarket Type2,17
12.35,Regular,0.038,Canned,124.56,Medium,Tier 1,Departmental Store,27
12.22,Regular,0.094,Baking Goods,125.86,Medium,Tier 2,Supermarket Type2,17
12.86,Low Sugar,0.095,Baking Goods,178.17,High,Tier 2,Supermarket Type1,39
10.81,Regular,0.036,Snack Foods,121.88,Medium,Tier 2,Supermarket Type2,17
15.0,Regular,0.016,Fruits and Vegetables,164.02,Medium,Tier 1,Departmental Store,27
13.6,No Sugar,0.039,Household,114.12,Medium,Tier 2,Supermarket Type2,17
12.21,Regular,0.174,Fruits and Vegetables,172.5,Medium,Tier 2,Supermarket Type2,17
15.98,No Sugar,0.042,Household,195.42,Medium,Tier 1,Departmental Store,27
11.66,Low Sugar,0.051,Snack Foods,188.11,High,Tier 2,Supermarket Type1,39
8.43,reg,0.073,Snack Foods,135.37,Small,Tier 3,Food Mart,28
11.41,Low Sugar,0.025,Canned,144.89,Medium,Tier 2,Supermarket Type2,17
15.79,Low Sugar,0.073,Fruits and Vegetables,181.99,High,Tier 2,Supermarket Type1,39
14.73,Low Sugar,0.072,Starchy Foods,179.27,High,Tier 2,Supermarket Type1,39
16.35,No Sugar,0.086,Household,142.58,High,Tier 2,Supermarket Type1,39
12.11,No Sugar,0.014,Household,124.62,Medium,Tier 2,Supermarket Type2,17
11.43,Regular,0.143,Hard Drinks,104.91,High,Tier 2,Supermarket Type1,39
11.48,Low Sugar,0.106,Baking Goods,132.64,Medium,Tier 2,Supermarket Type2,17
9.52,Low Sugar,0.113,Baking Goods,85.56,Small,Tier 3,Food Mart,28
11.91,Regular,0.015,Snack Foods,153.02,Medium,Tier 2,Supermarket Type2,17
10.33,Regular,0.054,Soft Drinks,151.65,Small,Tier 3,Food Mart,28
15.05,Regular,0.044,Meat,165.04,Medium,Tier 1,Departmental Store,27
14.63,Regular,0.077,Frozen Foods,193.81,High,Tier 2,Supermarket Type1,39
13.3,No Sugar,0.093,Health and Hygiene,158.62,Medium,Tier 2,Supermarket Type2,17
11.4,Low Sugar,0.016,Dairy,118.04,Medium,Tier 2,Supermarket Type2,17
11.49,Low Sugar,0.12,Baking Goods,129.33,Medium,Tier 2,Supermarket Type2,17
14.07,Low Sugar,0.111,Snack Foods,185.51,Small,Tier 3,Food Mart,28
14.93,Regular,0.007,Fruits and Vegetables,141.63,Medium,Tier 2,Supermarket Type2,17
16.56,Low Sugar,0.106,Fruits and Vegetables,159.4,High,Tier 2,Supermarket Type1,39
10.92,No Sugar,0.116,Household,132.16,Medium,Tier 2,Supermarket Type2,17
14.74,Low Sugar,0.204,Soft Drinks,168.07,Medium,Tier 1,Departmental Store,27
13.95,No Sugar,0.021,Health and Hygiene,111.9,Medium,Tier 2,Supermarket Type2,17
12.9,Low Sugar,0.15,Dairy,129.8,Medium,Tier 2,Supermarket Type2,17
9.96,Low Sugar,0.047,Frozen Foods,136.53,Medium,Tier 2,Supermarket Type2,17
10.99,No Sugar,0.012,Health and Hygiene,170.4,Medium,Tier 2,Supermarket Type2,17
18.73,Regular,0.124,Dairy,168.5,Medium,Tier 1,Departmental Store,27
17.73,Low Sugar,0.032,Snack Foods,214.33,Medium,Tier 1,Departmental Store,27
12.72,Low Sugar,0.071,Frozen Foods,164.03,Medium,Tier 2,Supermarket Type2,17
13.4,Low Sugar,0.047,Frozen Foods,178.15,High,Tier 2,Supermarket Type1,39
15.18,Low Sugar,0.104,Dairy,154.63,High,Tier 2,Supermarket Type1,39
14.67,Low Sugar,0.029,Meat,175.26,Medium,Tier 1,Departmental Store,27
11.39,Low Sugar,0.034,Fruits and Vegetables,137.21,Medium,Tier 2,Supermarket Type2,17
11.74,Low Sugar,0.176,Hard Drinks,137.3,Medium,Tier 2,Supermarket Type2,17
14.48,Low Sugar,0.089,Breads,195.27,High,Tier 2,Supermarket Type1,39
11.53,Regular,0.036,Canned,102.32,Small,Tier 3,Food Mart,28
11.68,Regular,0.044,Baking Goods,141.82,Medium,Tier 2,Supermarket Type2,17
11.36,Regular,0.112,Snack Foods,157.67,Medium,Tier 2,Supermarket Type2,17
12.14,Regular,0.014,Baking Goods,140.33,Medium,Tier 2,Supermarket Type2,17
12.02,Regular,0.013,Soft Drinks,201.24,Medium,Tier 1,Departmental Store,27
9.49,Low Sugar,0.055,Snack Foods,140.55,Medium,Tier 2,Supermarket Type2,17
17.93,Regular,0.046,Fruits and Vegetables,141.15,High,Tier 2,Supermarket Type1,39
11.09,Regular,0.039,Baking Goods,129.84,Medium,Tier 2,Supermarket Type2,17
15.25,Low Sugar,0.138,Soft Drinks,191.9,High,Tier 2,Supermarket Type1,39
11.94,No Sugar,0.041,Health and Hygiene,153.82,Medium,Tier 2,Supermarket Type2,17
10.46,Regular,0.047,Baking Goods,119.9,High,Tier 2,Supermarket Type1,39
14.44,No Sugar,0.062,Household,205.48,Medium,Tier 1,Departmental Store,27
13.75,Low Sugar,0.161,Dairy,196.84,High,Tier 2,Supermarket Type1,39
11.93,Low Sugar,0.067,Breads,143.48,Medium,Tier 2,Supermarket Type2,17
13.71,Low Sugar,0.175,Dairy,123.9,Medium,Tier 2,Supermarket Type2,17
12.56,Low Sugar,0.084,Meat,126.16,Medium,Tier 2,Supermarket Type2,17
11.48,Low Sugar,0.074,Breakfast,120.47,Small,Tier 3,Food Mart,28
15.3,Low Sugar,0.093,Breakfast,201.26,Medium,Tier 1,Departmental Store,27
8.9,Regular,0.223,Snack Foods,146.94,Medium,Tier 2,Supermarket Type2,17
11.5,Regular,0.034,Fruits and Vegetables,115.67,Medium,Tier 2,Supermarket Type2,17
10.54,No Sugar,0.138,Health and Hygiene,111.69,Small,Tier 3,Food Mart,28
9.5,Regular,0.11,Fruits and Vegetables,96.12,Small,Tier 3,Food Mart,28
12.79,No Sugar,0.041,Health and Hygiene,160.14,Medium,Tier 2,Supermarket Type2,17
15.13,Low Sugar,0.099,Meat,148.98,High,Tier 2,Supermarket Type1,39
11.83,Regular,0.046,Fruits and Vegetables,149.38,Medium,Tier 2,Supermarket Type2,17
9.94,Low Sugar,0.032,Dairy,173.45,Medium,Tier 2,Supermarket Type2,17
11.35,Low Sugar,0.032,Fruits and Vegetables,118.98,Medium,Tier 2,Supermarket Type2,17
15.38,No Sugar,0.062,Health and Hygiene,207.44,Medium,Tier 1,Departmental Store,27
12.46,Low Sugar,0.017,Hard Drinks,106.03,Medium,Tier 2,Supermarket Type2,17
12.6,No Sugar,0.052,Household,122.98,Medium,Tier 2,Supermarket Type2,17
14.79,Low Sugar,0.014,Fruits and Vegetables,175.33,High,Tier 2,Supermarket Type1,39
9.97,Low Sugar,0.038,Meat,137.62,Medium,Tier 2,Supermarket Type2,17
10.4,Low Sugar,0.039,Dairy,131.98,Medium,Tier 2,Supermarket Type2,17
13.24,Low Sugar,0.047,Meat,125.49,Medium,Tier 2,Supermarket Type2,17
16.37,Regular,0.128,Baking Goods,196.98,Medium,Tier 1,Departmental Store,27
15.23,Regular,0.012,Baking Goods,187.84,High,Tier 2,Supermarket Type1,39
11.65,Low Sugar,0.063,Fruits and Vegetables,123.93,Medium,Tier 2,Supermarket Type2,17
12.17,Low Sugar,0.047,Canned,151.19,Medium,Tier 2,Supermarket Type2,17
12.09,Low Sugar,0.039,Snack Foods,171.5,Medium,Tier 2,Supermarket Type2,17
13.79,Low Sugar,0.118,Dairy,125.94,Medium,Tier 2,Supermarket Type2,17
10.21,Low Sugar,0.038,Baking Goods,97.63,Small,Tier 3,Food Mart,28
14.86,Low Sugar,0.012,Soft Drinks,184.22,High,Tier 2,Supermarket Type1,39
13.35,Low Sugar,0.034,Baking Goods,138.98,Medium,Tier 2,Supermarket Type2,17
12.07,Regular,0.035,Canned,155.54,Medium,Tier 2,Supermarket Type2,17
9.74,No Sugar,0.097,Health and Hygiene,95.46,Small,Tier 3,Food Mart,28
15.45,Low Sugar,0.069,Frozen Foods,161.96,Medium,Tier 1,Departmental Store,27
9.45,Regular,0.083,Frozen Foods,133.99,High,Tier 2,Supermarket Type1,39
11.82,Low Sugar,0.025,Frozen Foods,78.52,Small,Tier 3,Food Mart,28
10.51,Low Sugar,0.043,Baking Goods,121.81,High,Tier 2,Supermarket Type1,39
14.05,Low Sugar,0.026,Frozen Foods,148.45,Medium,Tier 2,Supermarket Type2,17
16.04,Low Sugar,0.054,Snack Foods,173.2,High,Tier 2,Supermarket Type1,39
11.48,Low Sugar,0.074,Hard Drinks,101.99,Small,Tier 3,Food Mart,28
17.79,Regular,0.007,Soft Drinks,211.89,Medium,Tier 1,Departmental Store,27
13.16,Low Sugar,0.031,Snack Foods,178.14,Medium,Tier 1,Departmental Store,27
10.64,Regular,0.178,Canned,120.48,High,Tier 2,Supermarket Type1,39
12.45,Low Sugar,0.123,Meat,181.21,High,Tier 2,Supermarket Type1,39
11.41,Low Sugar,0.061,Snack Foods,137.23,Medium,Tier 2,Supermarket Type2,17
12.49,No Sugar,0.019,Health and Hygiene,133.8,Medium,Tier 2,Supermarket Type2,17
10.36,Low Sugar,0.044,Dairy,132.59,Medium,Tier 2,Supermarket Type2,17
9.57,No Sugar,0.079,Household,172.1,Medium,Tier 1,Departmental Store,27
12.5,Low Sugar,0.03,Baking Goods,155.12,Medium,Tier 2,Supermarket Type2,17
11.2,Low Sugar,0.032,Snack Foods,96.67,Small,Tier 3,Food Mart,28
10.2,Low Sugar,0.088,Snack Foods,92.62,Small,Tier 3,Food Mart,28
12.0,Low Sugar,0.058,Soft Drinks,110.21,Medium,Tier 2,Supermarket Type2,17
13.37,Low Sugar,0.064,Soft Drinks,143.54,Medium,Tier 2,Supermarket Type2,17
11.79,Low Sugar,0.021,Snack Foods,126.98,Medium,Tier 2,Supermarket Type2,17
9.38,Low Sugar,0.128,Fruits and Vegetables,127.45,High,Tier 2,Supermarket Type1,39
9.77,Low Sugar,0.035,Canned,154.41,Medium,Tier 2,Supermarket Type2,17
16.19,Regular,0.006,Meat,123.22,Medium,Tier 2,Supermarket Type2,17
12.06,Regular,0.025,Baking Goods,169.22,Medium,Tier 2,Supermarket Type2,17
9.85,Regular,0.018,Baking Goods,126.73,High,Tier 2,Supermarket Type1,39
10.78,No Sugar,0.118,Household,100.72,Small,Tier 3,Food Mart,28
13.98,Regular,0.106,Frozen Foods,118.7,Medium,Tier 2,Supermarket Type2,17
13.48,Regular,0.113,Hard Drinks,166.99,High,Tier 2,Supermarket Type1,39
12.1,No Sugar,0.076,Household,113.74,Medium,Tier 2,Supermarket Type2,17
10.09,Low Sugar,0.012,Baking Goods,105.52,Small,Tier 3,Food Mart,28
11.66,Regular,0.034,Frozen Foods,141.28,Medium,Tier 2,Supermarket Type2,17
14.0,Low Sugar,0.13,Canned,130.85,Medium,Tier 2,Supermarket Type2,17
11.42,No Sugar,0.021,Health and Hygiene,176.93,Medium,Tier 2,Supermarket Type2,17
12.38,Low Sugar,0.015,Snack Foods,155.8,Medium,Tier 2,Supermarket Type2,17
12.51,Low Sugar,0.093,Hard Drinks,172.55,Medium,Tier 2,Supermarket Type2,17
10.38,Low Sugar,0.013,Breads,84.65,Small,Tier 3,Food Mart,28
13.18,Low Sugar,0.053,Dairy,152.28,Medium,Tier 2,Supermarket Type2,17
13.03,Low Sugar,0.031,Snack Foods,135.35,Medium,Tier 2,Supermarket Type2,17
14.73,Low Sugar,0.177,Snack Foods,224.93,Small,Tier 3,Food Mart,28
13.19,Low Sugar,0.069,Dairy,117.82,Medium,Tier 2,Supermarket Type2,17
13.25,Low Sugar,0.065,Fruits and Vegetables,160.72,Medium,Tier 2,Supermarket Type2,17
15.61,Regular,0.031,Dairy,145.71,High,Tier 2,Supermarket Type1,39
12.28,Regular,0.132,Fruits and Vegetables,133.39,Small,Tier 3,Food Mart,28
15.33,No Sugar,0.123,Health and Hygiene,179.08,High,Tier 2,Supermarket Type1,39
13.13,Low Sugar,0.086,Snack Foods,161.03,Medium,Tier 2,Supermarket Type2,17
11.27,Low Sugar,0.019,Frozen Foods,150.47,Medium,Tier 2,Supermarket Type2,17
12.52,No Sugar,0.186,Health and Hygiene,146.78,Medium,Tier 2,Supermarket Type2,17
12.66,Regular,0.136,Baking Goods,129.26,Medium,Tier 2,Supermarket Type2,17
11.91,No Sugar,0.045,Household,122.21,Medium,Tier 2,Supermarket Type2,17
17.0,No Sugar,0.064,Health and Hygiene,225.18,Medium,Tier 1,Departmental Store,27
10.79,No Sugar,0.084,Health and Hygiene,89.06,Small,Tier 3,Food Mart,28
9.58,Regular,0.071,Baking Goods,153.74,Medium,Tier 2,Supermarket Type2,17
10.71,Regular,0.017,Baking Goods,64.68,Small,Tier 3,Food Mart,28
9.42,Low Sugar,0.006,Breakfast,116.4,Small,Tier 3,Food Mart,28
11.36,Low Sugar,0.004,Snack Foods,143.24,Medium,Tier 2,Supermarket Type2,17
10.12,Low Sugar,0.065,Snack Foods,115.4,Small,Tier 3,Food Mart,28
8.26,Regular,0.081,Canned,123.63,Small,Tier 3,Food Mart,28
13.41,Low Sugar,0.019,Snack Foods,150.5,Medium,Tier 2,Supermarket Type2,17
15.11,Low Sugar,0.09,Fruits and Vegetables,158.54,Medium,Tier 1,Departmental Store,27
9.88,Low Sugar,0.11,Dairy,94.05,Small,Tier 3,Food Mart,28
11.66,Low Sugar,0.013,Baking Goods,162.76,Medium,Tier 2,Supermarket Type2,17
15.81,Low Sugar,0.172,Meat,124.71,Medium,Tier 2,Supermarket Type2,17
11.11,Low Sugar,0.026,Baking Goods,155.19,Medium,Tier 2,Supermarket Type2,17
13.72,No Sugar,0.011,Health and Hygiene,144.14,Medium,Tier 2,Supermarket Type2,17
11.33,Low Sugar,0.041,Meat,124.97,Medium,Tier 2,Supermarket Type2,17
16.57,Regular,0.046,Meat,201.92,Medium,Tier 1,Departmental Store,27
13.09,Low Sugar,0.038,Meat,176.27,High,Tier 2,Supermarket Type1,39
12.2,Low Sugar,0.039,Hard Drinks,118.88,Medium,Tier 2,Supermarket Type2,17
8.28,Regular,0.094,Canned,146.49,High,Tier 2,Supermarket Type1,39
14.04,Low Sugar,0.156,Baking Goods,118.63,Medium,Tier 2,Supermarket Type2,17
14.52,Low Sugar,0.044,Fruits and Vegetables,171.66,Medium,Tier 1,Departmental Store,27
11.31,Low Sugar,0.037,Dairy,159.43,Medium,Tier 2,Supermarket Type2,17
12.16,Low Sugar,0.152,Dairy,148.14,Medium,Tier 2,Supermarket Type2,17
14.08,Low Sugar,0.162,Canned,127.79,Medium,Tier 2,Supermarket Type2,17
13.84,Regular,0.118,Fruits and Vegetables,153.96,Medium,Tier 2,Supermarket Type2,17
14.33,Low Sugar,0.128,Soft Drinks,123.3,Medium,Tier 2,Supermarket Type2,17
14.32,No Sugar,0.103,Health and Hygiene,153.19,Medium,Tier 2,Supermarket Type2,17
8.31,Low Sugar,0.078,Soft Drinks,85.35,Small,Tier 3,Food Mart,28
11.07,Low Sugar,0.068,Soft Drinks,160.15,Medium,Tier 2,Supermarket Type2,17
11.52,Low Sugar,0.051,Snack Foods,96.64,Small,Tier 3,Food Mart,28
15.93,Low Sugar,0.035,Fruits and Vegetables,176.84,High,Tier 2,Supermarket Type1,39
14.09,reg,0.183,Hard Drinks,117.92,Medium,Tier 2,Supermarket Type2,17
13.96,No Sugar,0.123,Household,164.56,Medium,Tier 1,Departmental Store,27
10.96,Regular,0.035,Breads,181.43,Medium,Tier 2,Supermarket Type2,17
14.98,No Sugar,0.086,Health and Hygiene,116.36,Medium,Tier 2,Supermarket Type2,17
10.99,Regular,0.061,Meat,98.97,Small,Tier 3,Food Mart,28
7.65,Low Sugar,0.019,Canned,126.46,Small,Tier 3,Food Mart,28
11.52,Regular,0.131,Soft Drinks,161.47,Medium,Tier 2,Supermarket Type2,17
14.91,Regular,0.014,Meat,202.3,Medium,Tier 1,Departmental Store,27
8.59,Regular,0.057,Baking Goods,144.68,High,Tier 2,Supermarket Type1,39
15.33,Regular,0.01,Frozen Foods,172.3,High,Tier 2,Supermarket Type1,39
11.94,Regular,0.074,Frozen Foods,126.12,Medium,Tier 2,Supermarket Type2,17
17.14,Regular,0.031,Meat,206.22,Medium,Tier 1,Departmental Store,27
13.76,Low Sugar,0.034,Canned,132.72,Medium,Tier 2,Supermarket Type2,17
11.54,Low Sugar,0.037,Meat,157.41,Medium,Tier 2,Supermarket Type2,17
12.46,Regular,0.076,Frozen Foods,145.51,Medium,Tier 2,Supermarket Type2,17
11.2,Low Sugar,0.045,Snack Foods,131.31,Medium,Tier 2,Supermarket Type2,17
11.55,No Sugar,0.037,Health and Hygiene,117.57,Medium,Tier 1,Departmental Store,27
14.8,Low Sugar,0.051,Snack Foods,199.65,Medium,Tier 1,Departmental Store,27
11.28,No Sugar,0.031,Health and Hygiene,103.88,Small,Tier 3,Food Mart,28
12.34,No Sugar,0.061,Household,159.88,Medium,Tier 2,Supermarket Type2,17
14.03,Low Sugar,0.039,Meat,121.62,Medium,Tier 2,Supermarket Type2,17
12.04,reg,0.132,Canned,135.04,Medium,Tier 2,Supermarket Type2,17
13.42,No Sugar,0.056,Household,192.68,Small,Tier 3,Food Mart,28
9.37,Low Sugar,0.111,Dairy,135.92,High,Tier 2,Supermarket Type1,39
11.95,Low Sugar,0.036,Dairy,122.77,Medium,Tier 2,Supermarket Type2,17
14.23,Low Sugar,0.022,Baking Goods,168.63,Medium,Tier 1,Departmental Store,27
15.11,Low Sugar,0.032,Fruits and Vegetables,204.18,Medium,Tier 1,Departmental Store,27
11.33,Regular,0.103,Meat,130.86,Medium,Tier 2,Supermarket Type2,17
7.18,Regular,0.108,Frozen Foods,111.69,Small,Tier 3,Food Mart,28
12.92,Regular,0.054,Snack Foods,161.9,Medium,Tier 2,Supermarket Type2,17
11.47,Low Sugar,0.178,Meat,194.61,High,Tier 2,Supermarket Type1,39
11.62,Low Sugar,0.014,Hard Drinks,140.0,Medium,Tier 2,Supermarket Type2,17
9.68,Regular,0.041,Meat,160.78,Medium,Tier 2,Supermarket Type2,17
13.1,Low Sugar,0.034,Baking Goods,167.11,Medium,Tier 2,Supermarket Type2,17
11.62,Low Sugar,0.184,Soft Drinks,135.03,Medium,Tier 2,Supermarket Type2,17
10.98,Regular,0.045,Baking Goods,59.3,Small,Tier 3,Food Mart,28
14.08,No Sugar,0.048,Health and Hygiene,121.62,Medium,Tier 2,Supermarket Type2,17
7.94,Low Sugar,0.036,Frozen Foods,150.78,High,Tier 2,Supermarket Type1,39
12.15,No Sugar,0.042,Health and Hygiene,93.63,Small,Tier 3,Food Mart,28
13.01,Low Sugar,0.013,Baking Goods,152.14,Medium,Tier 2,Supermarket Type2,17
12.57,Regular,0.027,Meat,136.22,Medium,Tier 2,Supermarket Type2,17
13.96,Regular,0.081,Soft Drinks,161.59,High,Tier 2,Supermarket Type1,39
13.46,Low Sugar,0.014,Dairy,192.81,High,Tier 2,Supermarket Type1,39
11.36,Low Sugar,0.045,Hard Drinks,122.44,Medium,Tier 2,Supermarket Type2,17
13.12,Low Sugar,0.056,Soft Drinks,180.78,Medium,Tier 1,Departmental Store,27
15.08,Low Sugar,0.031,Fruits and Vegetables,173.85,High,Tier 2,Supermarket Type1,39
11.75,Low Sugar,0.035,Fruits and Vegetables,197.72,Medium,Tier 1,Departmental Store,27
14.65,Regular,0.065,Soft Drinks,147.63,Medium,Tier 2,Supermarket Type2,17
14.24,Low Sugar,0.021,Frozen Foods,184.56,High,Tier 2,Supermarket Type1,39
15.09,Regular,0.105,Snack Foods,194.86,High,Tier 2,Supermarket Type1,39
15.03,Regular,0.025,Frozen Foods,140.39,Medium,Tier 2,Supermarket Type2,17
12.49,Regular,0.01,Fruits and Vegetables,144.1,Medium,Tier 2,Supermarket Type2,17
18.27,No Sugar,0.053,Health and Hygiene,198.07,Medium,Tier 1,Departmental Store,27
12.26,Low Sugar,0.046,Baking Goods,96.74,High,Tier 2,Supermarket Type1,39
16.6,Low Sugar,0.056,Canned,170.27,Medium,Tier 1,Departmental Store,27
17.14,Regular,0.036,Fruits and Vegetables,204.78,Medium,Tier 1,Departmental Store,27
10.38,Regular,0.091,Meat,132.31,Medium,Tier 2,Supermarket Type2,17
14.21,No Sugar,0.089,Health and Hygiene,161.9,High,Tier 2,Supermarket Type1,39
14.64,Low Sugar,0.139,Baking Goods,126.49,Medium,Tier 2,Supermarket Type2,17
11.01,Low Sugar,0.125,Fruits and Vegetables,190.92,Medium,Tier 2,Supermarket Type2,17
12.09,Low Sugar,0.07,Fruits and Vegetables,138.11,Medium,Tier 2,Supermarket Type2,17
15.48,Low Sugar,0.012,Dairy,199.52,Medium,Tier 1,Departmental Store,27
10.93,No Sugar,0.085,Health and Hygiene,136.04,Medium,Tier 2,Supermarket Type2,17
10.95,Low Sugar,0.063,Hard Drinks,173.24,Medium,Tier 2,Supermarket Type2,17
11.32,Low Sugar,0.043,Breads,145.65,Medium,Tier 2,Supermarket Type2,17
13.45,Regular,0.057,Canned,141.55,Medium,Tier 2,Supermarket Type2,17
13.29,Low Sugar,0.06,Snack Foods,112.89,Medium,Tier 2,Supermarket Type2,17
13.88,No Sugar,0.27,Household,164.6,High,Tier 2,Supermarket Type1,39
10.68,No Sugar,0.106,Household,102.64,Small,Tier 3,Food Mart,28
12.4,Low Sugar,0.021,Baking Goods,114.35,Medium,Tier 2,Supermarket Type2,17
8.52,Low Sugar,0.027,Snack Foods,167.62,Medium,Tier 2,Supermarket Type2,17
15.06,Low Sugar,0.081,Meat,160.46,Medium,Tier 1,Departmental Store,27
13.65,Regular,0.038,Canned,143.94,Medium,Tier 2,Supermarket Type2,17
11.65,Low Sugar,0.063,Soft Drinks,154.33,Medium,Tier 2,Supermarket Type2,17
10.05,Low Sugar,0.014,Dairy,109.17,Small,Tier 3,Food Mart,28
8.04,No Sugar,0.077,Health and Hygiene,101.64,Small,Tier 3,Food Mart,28
14.14,Low Sugar,0.061,Dairy,133.45,Medium,Tier 2,Supermarket Type2,17
10.44,No Sugar,0.012,Health and Hygiene,141.51,Medium,Tier 2,Supermarket Type2,17
12.63,No Sugar,0.05,Household,207.07,High,Tier 2,Supermarket Type1,39
11.27,Low Sugar,0.123,Hard Drinks,116.22,Medium,Tier 2,Supermarket Type2,17
12.61,No Sugar,0.076,Health and Hygiene,122.09,Medium,Tier 2,Supermarket Type2,17
12.3,Regular,0.17,Canned,138.71,Medium,Tier 2,Supermarket Type2,17
12.14,Low Sugar,0.04,Snack Foods,108.23,Medium,Tier 2,Supermarket Type2,17
13.58,Low Sugar,0.104,Baking Goods,130.78,Medium,Tier 2,Supermarket Type2,17
10.49,No Sugar,0.082,Health and Hygiene,106.12,Small,Tier 3,Food Mart,28
11.09,Low Sugar,0.045,Snack Foods,143.38,Medium,Tier 2,Supermarket Type2,17
15.89,Low Sugar,0.079,Hard Drinks,163.86,High,Tier 2,Supermarket Type1,39
15.63,No Sugar,0.123,Household,173.89,High,Tier 2,Supermarket Type1,39
13.3,Regular,0.036,Fruits and Vegetables,148.12,Medium,Tier 2,Supermarket Type2,17
14.23,Low Sugar,0.072,Dairy,149.17,Medium,Tier 2,Supermarket Type2,17
12.45,Regular,0.025,Fruits and Vegetables,166.5,Medium,Tier 2,Supermarket Type2,17
10.76,Low Sugar,0.024,Snack Foods,143.58,Medium,Tier 2,Supermarket Type2,17
11.41,Low Sugar,0.059,Frozen Foods,146.17,Medium,Tier 2,Supermarket Type2,17
15.05,Low Sugar,0.076,Soft Drinks,128.5,Medium,Tier 2,Supermarket Type2,17
9.73,Regular,0.06,Fruits and Vegetables,104.76,Small,Tier 3,Food Mart,28
12.7,Low Sugar,0.06,Baking Goods,121.86,Medium,Tier 2,Supermarket Type2,17
9.11,Low Sugar,0.016,Fruits and Vegetables,93.27,Small,Tier 3,Food Mart,28
7.96,Low Sugar,0.034,Fruits and Vegetables,86.72,Small,Tier 3,Food Mart,28
14.38,reg,0.035,Breakfast,174.47,Medium,Tier 1,Departmental Store,27
13.73,Regular,0.065,Snack Foods,146.79,Medium,Tier 2,Supermarket Type2,17
12.73,Low Sugar,0.034,Fruits and Vegetables,154.23,Medium,Tier 2,Supermarket Type2,17
12.27,Regular,0.066,Fruits and Vegetables,127.65,Medium,Tier 2,Supermarket Type2,17
10.85,Low Sugar,0.036,Fruits and Vegetables,125.42,Medium,Tier 2,Supermarket Type2,17
14.46,No Sugar,0.045,Health and Hygiene,135.14,Medium,Tier 2,Supermarket Type2,17
8.67,No Sugar,0.18,Household,104.04,Small,Tier 3,Food Mart,28
12.35,Low Sugar,0.093,Baking Goods,158.43,Medium,Tier 2,Supermarket Type2,17
14.41,Low Sugar,0.227,Meat,169.72,Medium,Tier 1,Departmental Store,27
10.29,Low Sugar,0.121,Fruits and Vegetables,152.06,Medium,Tier 2,Supermarket Type2,17
12.04,Low Sugar,0.093,Canned,166.15,Medium,Tier 2,Supermarket Type2,17
16.89,Low Sugar,0.072,Meat,186.53,Medium,Tier 1,Departmental Store,27
8.7,No Sugar,0.141,Household,75.46,High,Tier 2,Supermarket Type1,39
13.11,No Sugar,0.089,Health and Hygiene,166.4,Medium,Tier 2,Supermarket Type2,17
9.57,No Sugar,0.017,Household,157.73,Medium,Tier 2,Supermarket Type2,17
10.22,Regular,0.08,Baking Goods,135.08,Medium,Tier 2,Supermarket Type2,17
11.83,Low Sugar,0.019,Starchy Foods,185.24,Small,Tier 3,Food Mart,28
16.72,Low Sugar,0.021,Snack Foods,174.48,Medium,Tier 1,Departmental Store,27
13.09,No Sugar,0.043,Household,166.92,Medium,Tier 2,Supermarket Type2,17
10.82,No Sugar,0.165,Others,124.54,Medium,Tier 2,Supermarket Type2,17
14.28,Low Sugar,0.03,Meat,176.42,Medium,Tier 1,Departmental Store,27
11.97,Low Sugar,0.008,Baking Goods,140.76,Medium,Tier 2,Supermarket Type2,17
11.43,Low Sugar,0.058,Baking Goods,154.98,Medium,Tier 2,Supermarket Type2,17
8.83,Regular,0.128,Snack Foods,93.56,Small,Tier 3,Food Mart,28
11.7,Low Sugar,0.032,Canned,155.57,Medium,Tier 2,Supermarket Type2,17
16.6,Regular,0.193,Baking Goods,190.12,Medium,Tier 1,Departmental Store,27
11.63,Low Sugar,0.043,Meat,141.38,Medium,Tier 2,Supermarket Type2,17
12.33,No Sugar,0.007,Health and Hygiene,175.13,Medium,Tier 2,Supermarket Type2,17
16.68,Regular,0.03,Frozen Foods,166.75,High,Tier 2,Supermarket Type1,39
8.72,Regular,0.076,Fruits and Vegetables,120.93,Small,Tier 3,Food Mart,28
14.61,Regular,0.056,Dairy,166.68,Medium,Tier 1,Departmental Store,27
11.92,No Sugar,0.125,Household,106.3,High,Tier 2,Supermarket Type1,39
10.25,No Sugar,0.128,Health and Hygiene,115.45,Small,Tier 3,Food Mart,28
9.53,Low Sugar,0.091,Meat,117.41,Small,Tier 3,Food Mart,28
12.04,Regular,0.091,Snack Foods,126.95,Medium,Tier 2,Supermarket Type2,17
13.17,No Sugar,0.031,Others,217.45,Small,Tier 3,Food Mart,28
12.54,Regular,0.102,Canned,199.49,High,Tier 2,Supermarket Type1,39
6.42,Low Sugar,0.046,Fruits and Vegetables,122.2,Small,Tier 3,Food Mart,28
14.51,Regular,0.068,Frozen Foods,116.12,Medium,Tier 2,Supermarket Type2,17
13.72,Low Sugar,0.088,Breads,124.37,Medium,Tier 1,Departmental Store,27
11.5,Low Sugar,0.081,Baking Goods,142.71,Medium,Tier 2,Supermarket Type2,17
12.34,Low Sugar,0.129,Soft Drinks,177.42,High,Tier 2,Supermarket Type1,39
15.45,No Sugar,0.073,Health and Hygiene,174.69,High,Tier 2,Supermarket Type1,39
14.51,Regular,0.021,Meat,143.07,Medium,Tier 2,Supermarket Type2,17
14.26,No Sugar,0.024,Health and Hygiene,157.31,High,Tier 2,Supermarket Type1,39
11.33,Low Sugar,0.141,Soft Drinks,158.86,Medium,Tier 2,Supermarket Type2,17
12.88,Regular,0.037,Baking Goods,152.5,Medium,Tier 2,Supermarket Type2,17
12.46,Regular,0.035,Meat,148.49,Medium,Tier 2,Supermarket Type2,17
16.03,Low Sugar,0.053,Frozen Foods,180.73,Medium,Tier 1,Departmental Store,27
11.28,Low Sugar,0.161,Fruits and Vegetables,114.78,High,Tier 2,Supermarket Type1,39
9.02,Regular,0.033,Fruits and Vegetables,127.08,Small,Tier 3,Food Mart,28
9.88,Low Sugar,0.03,Snack Foods,78.94,Small,Tier 3,Food Mart,28
14.18,Regular,0.087,Frozen Foods,153.99,Medium,Tier 2,Supermarket Type2,17
13.45,No Sugar,0.173,Household,181.9,Medium,Tier 1,Departmental Store,27
10.21,Regular,0.025,Fruits and Vegetables,139.46,Medium,Tier 2,Supermarket Type2,17
10.96,No Sugar,0.011,Others,106.66,Small,Tier 3,Food Mart,28
13.11,No Sugar,0.041,Household,150.25,Medium,Tier 2,Supermarket Type2,17
8.98,Low Sugar,0.085,Soft Drinks,114.61,Small,Tier 3,Food Mart,28
11.8,No Sugar,0.046,Others,126.14,Small,Tier 3,Food Mart,28
13.82,No Sugar,0.035,Household,151.48,Medium,Tier 2,Supermarket Type2,17
14.97,Low Sugar,0.019,Dairy,190.03,High,Tier 2,Supermarket Type1,39
13.95,Regular,0.046,Frozen Foods,145.36,Medium,Tier 2,Supermarket Type2,17
9.92,No Sugar,0.015,Household,113.94,Small,Tier 3,Food Mart,28
12.84,No Sugar,0.02,Household,131.99,Medium,Tier 2,Supermarket Type2,17
12.54,Low Sugar,0.045,Meat,172.34,Medium,Tier 2,Supermarket Type2,17
14.07,Regular,0.042,Fruits and Vegetables,196.37,High,Tier 2,Supermarket Type1,39
11.48,Low Sugar,0.014,Fruits and Vegetables,136.32,Medium,Tier 2,Supermarket Type2,17
12.34,No Sugar,0.087,Health and Hygiene,156.41,Medium,Tier 2,Supermarket Type2,17
13.93,Low Sugar,0.037,Hard Drinks,164.37,High,Tier 2,Supermarket Type1,39
7.9,Regular,0.131,Snack Foods,120.62,Small,Tier 3,Food Mart,28
10.76,Regular,0.055,Frozen Foods,157.81,Medium,Tier 2,Supermarket Type2,17
14.53,Low Sugar,0.071,Snack Foods,138.65,Medium,Tier 2,Supermarket Type2,17
13.15,Low Sugar,0.053,Fruits and Vegetables,199.53,High,Tier 2,Supermarket Type1,39
11.65,Low Sugar,0.045,Frozen Foods,105.07,High,Tier 2,Supermarket Type1,39
9.86,No Sugar,0.034,Household,113.58,Small,Tier 3,Food Mart,28
12.58,Regular,0.077,Frozen Foods,129.5,Medium,Tier 2,Supermarket Type2,17
12.71,No Sugar,0.093,Household,150.64,Medium,Tier 2,Supermarket Type2,17
11.09,Low Sugar,0.063,Breads,135.74,Medium,Tier 2,Supermarket Type2,17
14.98,Low Sugar,0.011,Frozen Foods,241.12,Medium,Tier 1,Departmental Store,27
12.91,No Sugar,0.029,Household,153.4,Medium,Tier 2,Supermarket Type2,17
11.45,Regular,0.078,Dairy,127.67,Medium,Tier 1,Departmental Store,27
9.61,Low Sugar,0.011,Snack Foods,134.49,Medium,Tier 2,Supermarket Type2,17
13.39,Regular,0.072,Baking Goods,125.38,Medium,Tier 2,Supermarket Type2,17
15.41,Low Sugar,0.121,Dairy,181.15,High,Tier 2,Supermarket Type1,39
12.5,Low Sugar,0.063,Frozen Foods,163.97,Medium,Tier 2,Supermarket Type2,17
9.83,Regular,0.031,Frozen Foods,137.1,Medium,Tier 2,Supermarket Type2,17
15.59,Regular,0.05,Fruits and Vegetables,180.74,High,Tier 2,Supermarket Type1,39
13.49,No Sugar,0.074,Others,93.44,Medium,Tier 2,Supermarket Type2,17
12.45,Low Sugar,0.025,Dairy,166.62,Medium,Tier 2,Supermarket Type2,17
12.55,Low Sugar,0.188,Meat,160.6,Medium,Tier 2,Supermarket Type2,17
8.98,No Sugar,0.052,Household,110.57,Small,Tier 3,Food Mart,28
13.65,Low Sugar,0.091,Fruits and Vegetables,153.58,Medium,Tier 2,Supermarket Type2,17
12.59,Regular,0.026,Soft Drinks,163.47,Medium,Tier 2,Supermarket Type2,17
9.44,No Sugar,0.067,Household,117.62,Small,Tier 3,Food Mart,28
10.83,Low Sugar,0.017,Dairy,137.39,Medium,Tier 2,Supermarket Type2,17
15.83,Regular,0.122,Fruits and Vegetables,155.41,Medium,Tier 1,Departmental Store,27
16.34,Low Sugar,0.03,Frozen Foods,147.96,Medium,Tier 1,Departmental Store,27
13.28,Regular,0.137,Baking Goods,157.24,Medium,Tier 2,Supermarket Type2,17
12.95,Low Sugar,0.008,Breakfast,144.94,Medium,Tier 2,Supermarket Type2,17
11.58,Low Sugar,0.102,Soft Drinks,161.45,Medium,Tier 2,Supermarket Type2,17
13.0,Low Sugar,0.038,Fruits and Vegetables,156.84,Medium,Tier 2,Supermarket Type2,17
11.36,Regular,0.057,Meat,120.57,Medium,Tier 2,Supermarket Type2,17
12.49,No Sugar,0.057,Others,134.26,Medium,Tier 2,Supermarket Type2,17
15.14,Low Sugar,0.051,Frozen Foods,148.7,High,Tier 2,Supermarket Type1,39
12.83,Low Sugar,0.162,Baking Goods,147.06,Medium,Tier 2,Supermarket Type2,17
11.11,Regular,0.023,Hard Drinks,161.74,Medium,Tier 2,Supermarket Type2,17
13.13,Regular,0.013,Hard Drinks,125.84,Medium,Tier 2,Supermarket Type2,17
14.91,Regular,0.038,Snack Foods,149.75,High,Tier 2,Supermarket Type1,39
14.14,Low Sugar,0.058,Soft Drinks,153.07,Medium,Tier 2,Supermarket Type2,17
11.54,Low Sugar,0.054,Breakfast,118.11,Medium,Tier 2,Supermarket Type2,17
12.59,Low Sugar,0.108,Meat,148.3,Medium,Tier 2,Supermarket Type2,17
8.07,Low Sugar,0.027,Seafood,110.26,Small,Tier 3,Food Mart,28
12.85,No Sugar,0.052,Health and Hygiene,172.51,High,Tier 2,Supermarket Type1,39
14.19,Regular,0.126,Meat,157.81,High,Tier 2,Supermarket Type1,39
10.43,No Sugar,0.025,Health and Hygiene,130.29,Medium,Tier 2,Supermarket Type2,17
11.48,Regular,0.042,Snack Foods,146.91,Medium,Tier 2,Supermarket Type2,17
11.51,Low Sugar,0.038,Fruits and Vegetables,98.6,Small,Tier 3,Food Mart,28
16.3,No Sugar,0.041,Household,226.94,Medium,Tier 1,Departmental Store,27
15.21,No Sugar,0.084,Household,179.68,High,Tier 2,Supermarket Type1,39
11.75,No Sugar,0.028,Household,99.85,Small,Tier 3,Food Mart,28
17.72,Low Sugar,0.021,Snack Foods,204.82,Medium,Tier 1,Departmental Store,27
12.94,Regular,0.072,Canned,163.06,Medium,Tier 2,Supermarket Type2,17
10.69,Low Sugar,0.162,Snack Foods,102.64,Small,Tier 3,Food Mart,28
11.51,Low Sugar,0.021,Snack Foods,165.42,Medium,Tier 2,Supermarket Type2,17
12.82,No Sugar,0.083,Household,128.5,Medium,Tier 2,Supermarket Type2,17
17.35,reg,0.14,Snack Foods,179.06,Medium,Tier 1,Departmental Store,27
15.07,Low Sugar,0.011,Fruits and Vegetables,180.09,High,Tier 2,Supermarket Type1,39
18.39,Regular,0.016,Baking Goods,232.3,Medium,Tier 1,Departmental Store,27
14.29,Low Sugar,0.013,Canned,188.85,High,Tier 2,Supermarket Type1,39
10.97,Regular,0.021,Frozen Foods,137.06,Medium,Tier 2,Supermarket Type2,17
10.65,Regular,0.035,Fruits and Vegetables,106.78,Small,Tier 3,Food Mart,28
17.06,Regular,0.187,Canned,153.55,High,Tier 2,Supermarket Type1,39
17.43,Regular,0.064,Fruits and Vegetables,213.19,Medium,Tier 1,Departmental Store,27
10.7,Regular,0.036,Meat,149.61,Medium,Tier 2,Supermarket Type2,17
16.47,Low Sugar,0.055,Frozen Foods,164.85,High,Tier 2,Supermarket Type1,39
14.1,Low Sugar,0.026,Fruits and Vegetables,154.98,Medium,Tier 2,Supermarket Type2,17
13.4,Low Sugar,0.097,Frozen Foods,150.69,Medium,Tier 2,Supermarket Type2,17
10.71,Regular,0.019,Canned,177.52,Medium,Tier 2,Supermarket Type2,17
11.82,No Sugar,0.043,Others,131.03,Medium,Tier 2,Supermarket Type2,17
14.3,reg,0.025,Hard Drinks,179.31,Medium,Tier 1,Departmental Store,27
9.52,Low Sugar,0.014,Dairy,165.41,Medium,Tier 2,Supermarket Type2,17
12.62,Regular,0.077,Snack Foods,165.24,Medium,Tier 2,Supermarket Type2,17
13.99,Low Sugar,0.048,Fruits and Vegetables,172.94,Medium,Tier 1,Departmental Store,27
11.07,Regular,0.101,Baking Goods,154.86,Medium,Tier 2,Supermarket Type2,17
10.86,No Sugar,0.128,Health and Hygiene,111.79,High,Tier 2,Supermarket Type1,39
17.54,Low Sugar,0.012,Soft Drinks,217.37,Medium,Tier 1,Departmental Store,27
16.45,No Sugar,0.113,Household,190.83,Medium,Tier 1,Departmental Store,27
12.27,Low Sugar,0.016,Dairy,150.2,Medium,Tier 2,Supermarket Type2,17
10.03,Low Sugar,0.16,Fruits and Vegetables,145.56,Medium,Tier 2,Supermarket Type2,17
13.32,Regular,0.038,Baking Goods,104.58,Medium,Tier 2,Supermarket Type2,17
14.13,Low Sugar,0.04,Fruits and Vegetables,138.56,Medium,Tier 2,Supermarket Type2,17
15.98,Low Sugar,0.089,Breads,186.9,Medium,Tier 1,Departmental Store,27
13.68,Low Sugar,0.041,Hard Drinks,163.52,High,Tier 2,Supermarket Type1,39
12.12,Low Sugar,0.072,Snack Foods,122.45,Medium,Tier 2,Supermarket Type2,17
13.0,No Sugar,0.047,Others,195.3,High,Tier 2,Supermarket Type1,39
13.87,Low Sugar,0.088,Soft Drinks,117.65,Medium,Tier 2,Supermarket Type2,17
10.29,Low Sugar,0.068,Baking Goods,151.58,Small,Tier 3,Food Mart,28
13.07,No Sugar,0.037,Household,178.67,High,Tier 2,Supermarket Type1,39
14.11,Low Sugar,0.037,Fruits and Vegetables,152.6,Medium,Tier 2,Supermarket Type2,17
14.09,Low Sugar,0.12,Frozen Foods,166.35,High,Tier 2,Supermarket Type1,39
14.26,Low Sugar,0.1,Hard Drinks,138.77,Medium,Tier 2,Supermarket Type2,17
12.7,No Sugar,0.061,Health and Hygiene,174.37,High,Tier 2,Supermarket Type1,39
11.33,Low Sugar,0.022,Fruits and Vegetables,169.21,Medium,Tier 2,Supermarket Type2,17
11.09,Low Sugar,0.021,Fruits and Vegetables,120.78,Medium,Tier 2,Supermarket Type2,17
13.31,Regular,0.087,Breads,131.74,Medium,Tier 2,Supermarket Type2,17
12.14,Low Sugar,0.035,Meat,111.69,Medium,Tier 2,Supermarket Type2,17
14.16,No Sugar,0.047,Household,167.0,Medium,Tier 1,Departmental Store,27
12.17,Low Sugar,0.185,Fruits and Vegetables,186.71,High,Tier 2,Supermarket Type1,39
13.97,Low Sugar,0.132,Meat,169.58,Small,Tier 3,Food Mart,28
10.64,No Sugar,0.055,Health and Hygiene,142.89,Medium,Tier 2,Supermarket Type2,17
11.88,Low Sugar,0.099,Snack Foods,164.6,Medium,Tier 2,Supermarket Type2,17
15.71,Low Sugar,0.054,Frozen Foods,171.22,High,Tier 2,Supermarket Type1,39
13.2,Low Sugar,0.161,Canned,145.47,Medium,Tier 2,Supermarket Type2,17
14.73,Low Sugar,0.039,Frozen Foods,131.62,Medium,Tier 2,Supermarket Type2,17
12.76,Regular,0.161,Dairy,147.1,Medium,Tier 2,Supermarket Type2,17
16.92,Low Sugar,0.077,Dairy,206.96,Medium,Tier 1,Departmental Store,27
6.47,Low Sugar,0.111,Frozen Foods,82.45,Small,Tier 3,Food Mart,28
9.62,Low Sugar,0.072,Meat,118.75,Medium,Tier 1,Departmental Store,27
11.43,Regular,0.094,Canned,135.03,Medium,Tier 2,Supermarket Type2,17
13.17,Low Sugar,0.167,Snack Foods,148.17,Medium,Tier 2,Supermarket Type2,17
11.22,No Sugar,0.025,Health and Hygiene,91.63,Small,Tier 3,Food Mart,28
11.67,Low Sugar,0.089,Fruits and Vegetables,115.27,Medium,Tier 2,Supermarket Type2,17
14.73,Low Sugar,0.121,Frozen Foods,177.1,High,Tier 2,Supermarket Type1,39
12.63,reg,0.022,Fruits and Vegetables,98.16,High,Tier 2,Supermarket Type1,39
14.52,Low Sugar,0.075,Canned,151.36,Medium,Tier 2,Supermarket Type2,17
14.23,Low Sugar,0.079,Baking Goods,123.07,Medium,Tier 2,Supermarket Type2,17
12.8,Low Sugar,0.094,Soft Drinks,117.73,Medium,Tier 2,Supermarket Type2,17
12.7,No Sugar,0.007,Health and Hygiene,180.41,High,Tier 2,Supermarket Type1,39
11.55,Low Sugar,0.096,Meat,117.09,Medium,Tier 2,Supermarket Type2,17
11.23,No Sugar,0.057,Health and Hygiene,153.12,Medium,Tier 2,Supermarket Type2,17
11.88,Regular,0.01,Canned,134.87,Medium,Tier 2,Supermarket Type2,17
12.63,Regular,0.015,Frozen Foods,180.84,High,Tier 2,Supermarket Type1,39
13.48,Regular,0.064,Dairy,149.98,Medium,Tier 2,Supermarket Type2,17
11.88,Low Sugar,0.018,Fruits and Vegetables,134.63,Medium,Tier 2,Supermarket Type2,17
12.67,Low Sugar,0.02,Frozen Foods,118.19,Medium,Tier 2,Supermarket Type2,17
14.46,Low Sugar,0.03,Baking Goods,156.51,High,Tier 2,Supermarket Type1,39
14.59,Low Sugar,0.068,Baking Goods,201.72,Medium,Tier 1,Departmental Store,27
16.93,Regular,0.085,Dairy,183.29,Medium,Tier 1,Departmental Store,27
12.1,Low Sugar,0.01,Canned,174.37,Medium,Tier 2,Supermarket Type2,17
10.07,Low Sugar,0.148,Dairy,153.56,Medium,Tier 2,Supermarket Type2,17
13.02,Low Sugar,0.021,Canned,148.14,Medium,Tier 2,Supermarket Type2,17
8.9,No Sugar,0.076,Others,145.36,Medium,Tier 2,Supermarket Type2,17
10.05,Low Sugar,0.077,Frozen Foods,126.66,High,Tier 2,Supermarket Type1,39
11.22,Low Sugar,0.122,Meat,121.07,Medium,Tier 2,Supermarket Type2,17
10.18,Low Sugar,0.034,Dairy,119.16,High,Tier 2,Supermarket Type1,39
8.91,Low Sugar,0.282,Fruits and Vegetables,97.93,Small,Tier 3,Food Mart,28
12.25,Low Sugar,0.041,Hard Drinks,142.96,Medium,Tier 2,Supermarket Type2,17
15.71,Regular,0.143,Soft Drinks,169.1,High,Tier 2,Supermarket Type1,39
15.14,Low Sugar,0.052,Snack Foods,148.06,High,Tier 2,Supermarket Type1,39
9.74,No Sugar,0.148,Household,136.46,Medium,Tier 2,Supermarket Type2,17
11.24,Low Sugar,0.069,Snack Foods,145.89,Medium,Tier 2,Supermarket Type2,17
12.85,No Sugar,0.049,Others,113.8,Medium,Tier 2,Supermarket Type2,17
12.68,Low Sugar,0.11,Breads,187.42,Medium,Tier 1,Departmental Store,27
15.89,Regular,0.016,Canned,142.78,High,Tier 2,Supermarket Type1,39
9.34,Low Sugar,0.023,Fruits and Vegetables,148.52,Medium,Tier 2,Supermarket Type2,17
12.07,Low Sugar,0.088,Soft Drinks,133.68,Medium,Tier 2,Supermarket Type2,17
13.96,Low Sugar,0.017,Starchy Foods,134.3,Medium,Tier 2,Supermarket Type2,17
9.52,No Sugar,0.029,Household,139.47,Medium,Tier 2,Supermarket Type2,17
12.5,Low Sugar,0.009,Fruits and Vegetables,152.62,Medium,Tier 2,Supermarket Type2,17
10.85,Regular,0.023,Snack Foods,129.11,Medium,Tier 2,Supermarket Type2,17
12.04,Low Sugar,0.018,Fruits and Vegetables,159.32,Medium,Tier 2,Supermarket Type2,17
10.92,Regular,0.069,Fruits and Vegetables,153.83,Medium,Tier 2,Supermarket Type2,17
15.11,Regular,0.069,Breakfast,203.19,Medium,Tier 1,Departmental Store,27
14.4,reg,0.024,Frozen Foods,148.95,Medium,Tier 2,Supermarket Type2,17
12.77,No Sugar,0.021,Health and Hygiene,215.52,High,Tier 2,Supermarket Type1,39
14.64,Low Sugar,0.093,Canned,179.36,Medium,Tier 1,Departmental Store,27
12.03,Low Sugar,0.029,Soft Drinks,148.61,Medium,Tier 2,Supermarket Type2,17
14.24,No Sugar,0.098,Others,141.9,Medium,Tier 2,Supermarket Type2,17
9.71,Low Sugar,0.012,Baking Goods,150.3,Medium,Tier 2,Supermarket Type2,17
16.89,Regular,0.054,Fruits and Vegetables,172.81,Medium,Tier 1,Departmental Store,27
9.1,Low Sugar,0.054,Soft Drinks,119.77,Medium,Tier 1,Departmental Store,27
12.14,No Sugar,0.115,Others,149.21,Medium,Tier 2,Supermarket Type2,17
15.41,No Sugar,0.075,Others,176.5,High,Tier 2,Supermarket Type1,39
14.02,Low Sugar,0.128,Baking Goods,130.09,Medium,Tier 2,Supermarket Type2,17
13.59,Low Sugar,0.031,Soft Drinks,130.87,Medium,Tier 2,Supermarket Type2,17
12.39,Low Sugar,0.014,Soft Drinks,120.79,Medium,Tier 2,Supermarket Type2,17
11.11,Low Sugar,0.076,Fruits and Vegetables,151.25,Medium,Tier 2,Supermarket Type2,17
14.42,Low Sugar,0.132,Snack Foods,118.52,Medium,Tier 2,Supermarket Type2,17
9.79,Regular,0.039,Frozen Foods,154.24,Medium,Tier 1,Departmental Store,27
10.09,No Sugar,0.055,Others,123.86,High,Tier 2,Supermarket Type1,39
11.34,Low Sugar,0.021,Snack Foods,143.88,Medium,Tier 2,Supermarket Type2,17
13.95,Regular,0.064,Breads,160.54,High,Tier 2,Supermarket Type1,39
9.96,Low Sugar,0.077,Dairy,109.14,Small,Tier 3,Food Mart,28
13.06,Low Sugar,0.038,Canned,131.62,Medium,Tier 2,Supermarket Type2,17
12.86,Low Sugar,0.036,Snack Foods,159.84,Medium,Tier 2,Supermarket Type2,17
7.76,Low Sugar,0.076,Snack Foods,172.81,Medium,Tier 2,Supermarket Type2,17
13.4,Regular,0.126,Breakfast,151.84,Medium,Tier 2,Supermarket Type2,17
12.51,No Sugar,0.009,Health and Hygiene,191.31,Medium,Tier 1,Departmental Store,27
16.63,Regular,0.064,Snack Foods,149.33,Medium,Tier 1,Departmental Store,27
13.49,Regular,0.023,Fruits and Vegetables,115.81,Medium,Tier 2,Supermarket Type2,17
11.38,No Sugar,0.093,Health and Hygiene,185.3,Medium,Tier 2,Supermarket Type2,17
18.27,Regular,0.016,Seafood,175.18,Medium,Tier 1,Departmental Store,27
9.83,Regular,0.029,Frozen Foods,132.52,Medium,Tier 2,Supermarket Type2,17
8.5,Low Sugar,0.076,Dairy,106.98,Small,Tier 3,Food Mart,28
8.51,reg,0.013,Baking Goods,89.51,Small,Tier 3,Food Mart,28
11.29,Low Sugar,0.015,Canned,147.64,Medium,Tier 2,Supermarket Type2,17
11.96,Regular,0.066,Baking Goods,179.92,Medium,Tier 2,Supermarket Type2,17
16.09,Low Sugar,0.015,Snack Foods,186.55,Medium,Tier 1,Departmental Store,27
12.74,Low Sugar,0.04,Dairy,136.22,Medium,Tier 2,Supermarket Type2,17
13.21,Low Sugar,0.057,Dairy,177.62,Medium,Tier 1,Departmental Store,27
12.96,No Sugar,0.074,Household,182.71,Medium,Tier 1,Departmental Store,27
15.52,Regular,0.071,Baking Goods,188.27,High,Tier 2,Supermarket Type1,39
12.4,Low Sugar,0.043,Breads,117.52,Medium,Tier 2,Supermarket Type2,17
11.18,Low Sugar,0.066,Meat,168.5,Medium,Tier 2,Supermarket Type2,17
9.86,Low Sugar,0.107,Fruits and Vegetables,130.28,High,Tier 2,Supermarket Type1,39
13.96,Low Sugar,0.081,Fruits and Vegetables,171.96,Medium,Tier 1,Departmental Store,27
14.31,Regular,0.083,Dairy,165.0,Small,Tier 3,Food Mart,28
12.08,Regular,0.115,Fruits and Vegetables,105.97,High,Tier 2,Supermarket Type1,39
9.44,Low Sugar,0.033,Frozen Foods,104.08,Small,Tier 3,Food Mart,28
10.76,Regular,0.086,Soft Drinks,172.34,Medium,Tier 2,Supermarket Type2,17
17.19,Low Sugar,0.077,Snack Foods,175.17,Medium,Tier 1,Departmental Store,27
8.26,Regular,0.072,Canned,98.37,Small,Tier 3,Food Mart,28
12.67,Low Sugar,0.028,Baking Goods,130.97,Medium,Tier 2,Supermarket Type2,17
15.57,Regular,0.149,Snack Foods,223.53,Medium,Tier 1,Departmental Store,27
13.17,Low Sugar,0.021,Dairy,158.1,Medium,Tier 2,Supermarket Type2,17
12.32,Regular,0.053,Frozen Foods,173.75,Medium,Tier 2,Supermarket Type2,17
12.94,No Sugar,0.065,Household,131.53,Medium,Tier 2,Supermarket Type2,17
13.06,Low Sugar,0.087,Fruits and Vegetables,167.6,Medium,Tier 2,Supermarket Type2,17
13.97,Low Sugar,0.012,Baking Goods,189.11,High,Tier 2,Supermarket Type1,39
11.85,Low Sugar,0.007,Baking Goods,123.29,Medium,Tier 2,Supermarket Type2,17
14.1,Regular,0.063,Meat,172.18,Medium,Tier 1,Departmental Store,27
14.67,Low Sugar,0.055,Meat,132.25,Medium,Tier 2,Supermarket Type2,17
11.9,Regular,0.028,Canned,126.28,Medium,Tier 2,Supermarket Type2,17
13.89,Low Sugar,0.027,Frozen Foods,190.39,High,Tier 2,Supermarket Type1,39
10.53,Low Sugar,0.007,Frozen Foods,137.05,Medium,Tier 2,Supermarket Type2,17
13.48,reg,0.076,Meat,101.66,Medium,Tier 2,Supermarket Type2,17
10.56,Regular,0.019,Soft Drinks,139.76,Medium,Tier 2,Supermarket Type2,17
7.85,Low Sugar,0.017,Soft Drinks,78.26,Small,Tier 3,Food Mart,28
14.65,Low Sugar,0.027,Fruits and Vegetables,127.99,Medium,Tier 2,Supermarket Type2,17
14.24,No Sugar,0.007,Household,184.21,High,Tier 2,Supermarket Type1,39
11.76,No Sugar,0.077,Others,202.96,Medium,Tier 1,Departmental Store,27
15.92,Regular,0.055,Dairy,182.36,Medium,Tier 1,Departmental Store,27
11.27,Low Sugar,0.023,Soft Drinks,132.92,Medium,Tier 2,Supermarket Type2,17
11.43,No Sugar,0.138,Health and Hygiene,142.91,Medium,Tier 2,Supermarket Type2,17
12.35,Low Sugar,0.036,Baking Goods,113.9,Medium,Tier 2,Supermarket Type2,17
18.37,Low Sugar,0.05,Dairy,169.17,Medium,Tier 1,Departmental Store,27
6.37,Low Sugar,0.085,Frozen Foods,64.71,Small,Tier 3,Food Mart,28
9.92,Low Sugar,0.124,Canned,103.85,Small,Tier 3,Food Mart,28
11.47,Regular,0.032,Soft Drinks,126.04,Medium,Tier 2,Supermarket Type2,17
15.83,No Sugar,0.027,Health and Hygiene,192.62,Medium,Tier 1,Departmental Store,27
11.2,Regular,0.067,Frozen Foods,131.66,Medium,Tier 2,Supermarket Type2,17
13.67,Low Sugar,0.069,Canned,136.91,Medium,Tier 2,Supermarket Type2,17
15.68,No Sugar,0.032,Household,137.97,Medium,Tier 2,Supermarket Type2,17
10.93,Regular,0.049,Snack Foods,136.0,Medium,Tier 2,Supermarket Type2,17
11.32,Low Sugar,0.014,Meat,93.11,Small,Tier 3,Food Mart,28
13.3,Low Sugar,0.13,Dairy,150.3,Medium,Tier 2,Supermarket Type2,17
16.23,Low Sugar,0.009,Snack Foods,181.37,Medium,Tier 1,Departmental Store,27
15.61,Low Sugar,0.086,Soft Drinks,145.66,High,Tier 2,Supermarket Type1,39
15.24,Low Sugar,0.216,Snack Foods,210.13,Medium,Tier 1,Departmental Store,27
9.02,Low Sugar,0.131,Snack Foods,180.59,Medium,Tier 2,Supermarket Type2,17
8.35,Low Sugar,0.186,Soft Drinks,136.48,Small,Tier 3,Food Mart,28
11.69,Low Sugar,0.011,Baking Goods,143.12,Medium,Tier 2,Supermarket Type2,17
12.27,Low Sugar,0.161,Baking Goods,117.37,Medium,Tier 2,Supermarket Type2,17
10.82,Regular,0.136,Fruits and Vegetables,140.1,Medium,Tier 2,Supermarket Type2,17
17.02,Low Sugar,0.103,Baking Goods,150.19,High,Tier 2,Supermarket Type1,39
11.99,Low Sugar,0.143,Dairy,147.08,Medium,Tier 2,Supermarket Type2,17
11.68,Regular,0.01,Dairy,125.88,Medium,Tier 2,Supermarket Type2,17
12.65,Low Sugar,0.015,Dairy,194.72,Medium,Tier 1,Departmental Store,27
12.72,Low Sugar,0.04,Dairy,146.46,Medium,Tier 2,Supermarket Type2,17
13.58,Low Sugar,0.09,Dairy,144.98,Medium,Tier 2,Supermarket Type2,17
14.88,Regular,0.056,Snack Foods,144.87,Medium,Tier 2,Supermarket Type2,17
10.11,Regular,0.094,Meat,135.27,Medium,Tier 2,Supermarket Type2,17
13.03,Low Sugar,0.035,Breads,138.47,Medium,Tier 2,Supermarket Type2,17
15.13,Low Sugar,0.062,Hard Drinks,171.98,High,Tier 2,Supermarket Type1,39
9.57,Low Sugar,0.072,Dairy,148.56,Medium,Tier 2,Supermarket Type2,17
10.26,Regular,0.067,Canned,100.04,Small,Tier 3,Food Mart,28
9.68,Low Sugar,0.053,Snack Foods,116.01,Small,Tier 3,Food Mart,28
10.75,Low Sugar,0.034,Dairy,146.66,Medium,Tier 2,Supermarket Type2,17
18.76,Low Sugar,0.035,Meat,238.81,Medium,Tier 1,Departmental Store,27
9.92,Regular,0.033,Canned,129.55,High,Tier 2,Supermarket Type1,39
15.58,Regular,0.009,Canned,164.39,Medium,Tier 1,Departmental Store,27
12.91,Low Sugar,0.049,Dairy,172.4,High,Tier 2,Supermarket Type1,39
9.04,Low Sugar,0.208,Baking Goods,137.25,High,Tier 2,Supermarket Type1,39
12.0,Regular,0.044,Snack Foods,165.38,Medium,Tier 2,Supermarket Type2,17
9.97,Low Sugar,0.14,Snack Foods,136.87,Medium,Tier 2,Supermarket Type2,17
15.33,No Sugar,0.136,Household,137.86,Medium,Tier 2,Supermarket Type2,17
13.35,Low Sugar,0.137,Breads,153.74,Medium,Tier 2,Supermarket Type2,17
8.72,Low Sugar,0.08,Canned,100.94,Small,Tier 3,Food Mart,28
14.8,Low Sugar,0.169,Frozen Foods,146.0,Medium,Tier 2,Supermarket Type2,17
14.43,Low Sugar,0.076,Snack Foods,137.97,Medium,Tier 2,Supermarket Type2,17
13.91,Low Sugar,0.154,Meat,172.36,Medium,Tier 1,Departmental Store,27
11.29,Low Sugar,0.157,Soft Drinks,82.62,Small,Tier 3,Food Mart,28
11.43,Regular,0.05,Dairy,149.27,Medium,Tier 2,Supermarket Type2,17
13.23,Low Sugar,0.072,Baking Goods,131.62,Medium,Tier 2,Supermarket Type2,17
16.02,Regular,0.052,Baking Goods,175.4,High,Tier 2,Supermarket Type1,39
16.33,Regular,0.175,Frozen Foods,188.46,Medium,Tier 1,Departmental Store,27
11.47,Regular,0.026,Baking Goods,117.64,Medium,Tier 2,Supermarket Type2,17
11.17,Regular,0.085,Meat,166.17,Medium,Tier 2,Supermarket Type2,17
11.33,Low Sugar,0.026,Dairy,105.6,High,Tier 2,Supermarket Type1,39
13.35,No Sugar,0.085,Others,229.03,Medium,Tier 1,Departmental Store,27
9.13,Regular,0.046,Fruits and Vegetables,129.36,Medium,Tier 1,Departmental Store,27
15.36,Low Sugar,0.015,Soft Drinks,145.29,High,Tier 2,Supermarket Type1,39
12.97,No Sugar,0.047,Health and Hygiene,170.23,Medium,Tier 2,Supermarket Type2,17
10.47,No Sugar,0.014,Household,138.12,Medium,Tier 2,Supermarket Type2,17
13.47,No Sugar,0.04,Household,180.22,Medium,Tier 1,Departmental Store,27
14.16,Low Sugar,0.069,Frozen Foods,200.95,High,Tier 2,Supermarket Type1,39
15.72,Regular,0.026,Canned,160.45,Medium,Tier 1,Departmental Store,27
14.76,Low Sugar,0.253,Baking Goods,185.7,High,Tier 2,Supermarket Type1,39
13.76,No Sugar,0.239,Household,119.39,Medium,Tier 2,Supermarket Type2,17
7.7,Low Sugar,0.113,Canned,126.23,High,Tier 2,Supermarket Type1,39
13.73,Low Sugar,0.036,Fruits and Vegetables,176.0,Medium,Tier 1,Departmental Store,27
13.15,Low Sugar,0.006,Breads,180.4,Medium,Tier 1,Departmental Store,27
11.77,Regular,0.076,Canned,150.59,Medium,Tier 2,Supermarket Type2,17
11.53,Low Sugar,0.282,Fruits and Vegetables,154.23,Medium,Tier 2,Supermarket Type2,17
18.18,Low Sugar,0.124,Dairy,195.61,Medium,Tier 1,Departmental Store,27
12.9,Low Sugar,0.079,Snack Foods,180.82,Medium,Tier 1,Departmental Store,27
16.18,Regular,0.073,Seafood,207.06,Medium,Tier 1,Departmental Store,27
9.27,Low Sugar,0.06,Fruits and Vegetables,105.33,Small,Tier 3,Food Mart,28
11.96,Low Sugar,0.028,Fruits and Vegetables,163.06,Medium,Tier 2,Supermarket Type2,17
14.41,Low Sugar,0.068,Fruits and Vegetables,162.72,High,Tier 2,Supermarket Type1,39
16.11,Regular,0.102,Frozen Foods,169.5,High,Tier 2,Supermarket Type1,39
16.46,Low Sugar,0.112,Breakfast,192.12,Medium,Tier 1,Departmental Store,27
12.78,Low Sugar,0.188,Canned,160.99,Medium,Tier 2,Supermarket Type2,17
10.53,Low Sugar,0.085,Soft Drinks,120.15,High,Tier 2,Supermarket Type1,39
10.01,Regular,0.147,Fruits and Vegetables,105.73,High,Tier 2,Supermarket Type1,39
14.75,Low Sugar,0.013,Meat,155.04,High,Tier 2,Supermarket Type1,39
12.28,No Sugar,0.054,Health and Hygiene,163.85,Medium,Tier 2,Supermarket Type2,17
13.01,Low Sugar,0.126,Snack Foods,125.3,Medium,Tier 2,Supermarket Type2,17
14.01,Low Sugar,0.158,Fruits and Vegetables,194.58,High,Tier 2,Supermarket Type1,39
13.11,Low Sugar,0.035,Dairy,152.92,Medium,Tier 2,Supermarket Type2,17
13.13,Regular,0.01,Snack Foods,97.63,Medium,Tier 2,Supermarket Type2,17
15.74,Low Sugar,0.057,Frozen Foods,170.68,High,Tier 2,Supermarket Type1,39
11.49,Low Sugar,0.023,Frozen Foods,148.49,Medium,Tier 2,Supermarket Type2,17
12.48,Low Sugar,0.026,Canned,123.16,Medium,Tier 2,Supermarket Type2,17
16.24,Low Sugar,0.039,Baking Goods,169.19,High,Tier 2,Supermarket Type1,39
9.83,Low Sugar,0.045,Meat,126.07,High,Tier 2,Supermarket Type1,39
15.0,Low Sugar,0.024,Snack Foods,164.2,Medium,Tier 1,Departmental Store,27
8.53,Low Sugar,0.018,Frozen Foods,125.75,Small,Tier 3,Food Mart,28
11.32,Low Sugar,0.145,Frozen Foods,102.08,Small,Tier 3,Food Mart,28
10.25,Low Sugar,0.061,Soft Drinks,79.44,Small,Tier 3,Food Mart,28
12.48,Regular,0.017,Snack Foods,183.36,High,Tier 2,Supermarket Type1,39
10.96,Regular,0.08,Baking Goods,124.72,Medium,Tier 2,Supermarket Type2,17
10.23,No Sugar,0.053,Household,142.02,Medium,Tier 2,Supermarket Type2,17
13.25,Low Sugar,0.184,Canned,168.65,High,Tier 2,Supermarket Type1,39
11.89,Regular,0.022,Snack Foods,156.09,Medium,Tier 2,Supermarket Type2,17
10.77,Low Sugar,0.119,Fruits and Vegetables,118.0,Small,Tier 3,Food Mart,28
12.04,Low Sugar,0.026,Meat,137.59,Medium,Tier 2,Supermarket Type2,17
13.24,Regular,0.089,Meat,163.78,Medium,Tier 2,Supermarket Type2,17
15.61,No Sugar,0.057,Household,187.24,Medium,Tier 1,Departmental Store,27
14.4,Low Sugar,0.126,Dairy,147.1,Medium,Tier 2,Supermarket Type2,17
12.49,Regular,0.131,Frozen Foods,164.39,Medium,Tier 2,Supermarket Type2,17
14.26,Regular,0.087,Hard Drinks,147.37,Medium,Tier 2,Supermarket Type2,17
11.52,No Sugar,0.043,Household,110.57,High,Tier 2,Supermarket Type1,39
13.32,Regular,0.007,Snack Foods,204.53,High,Tier 2,Supermarket Type1,39
13.7,No Sugar,0.023,Health and Hygiene,157.33,Medium,Tier 2,Supermarket Type2,17
14.3,No Sugar,0.037,Household,121.43,Medium,Tier 2,Supermarket Type2,17
13.45,No Sugar,0.109,Health and Hygiene,169.56,High,Tier 2,Supermarket Type1,39
14.11,Regular,0.044,Snack Foods,160.03,High,Tier 2,Supermarket Type1,39
13.49,Low Sugar,0.022,Soft Drinks,151.62,Medium,Tier 2,Supermarket Type2,17
12.49,Low Sugar,0.07,Starchy Foods,198.29,Medium,Tier 1,Departmental Store,27
10.7,Low Sugar,0.057,Frozen Foods,107.73,Small,Tier 3,Food Mart,28
13.08,Low Sugar,0.082,Fruits and Vegetables,149.55,Medium,Tier 2,Supermarket Type2,17
14.69,Low Sugar,0.019,Dairy,172.11,Medium,Tier 1,Departmental Store,27
11.37,Regular,0.015,Snack Foods,138.45,Medium,Tier 2,Supermarket Type2,17
11.73,Low Sugar,0.015,Canned,168.33,Medium,Tier 2,Supermarket Type2,17
10.88,Low Sugar,0.098,Fruits and Vegetables,128.34,Medium,Tier 2,Supermarket Type2,17
14.18,Regular,0.03,Snack Foods,224.33,Medium,Tier 1,Departmental Store,27
17.69,Low Sugar,0.028,Dairy,194.89,Medium,Tier 1,Departmental Store,27
11.83,Low Sugar,0.052,Frozen Foods,160.11,Medium,Tier 2,Supermarket Type2,17
17.17,No Sugar,0.058,Health and Hygiene,205.48,Medium,Tier 1,Departmental Store,27
13.26,Regular,0.038,Snack Foods,145.98,Medium,Tier 2,Supermarket Type2,17
13.26,Regular,0.133,Baking Goods,135.14,Medium,Tier 2,Supermarket Type2,17
11.67,No Sugar,0.026,Health and Hygiene,164.09,Medium,Tier 2,Supermarket Type2,17
10.66,Regular,0.026,Fruits and Vegetables,112.37,Small,Tier 3,Food Mart,28
13.32,Regular,0.019,Snack Foods,155.02,Medium,Tier 2,Supermarket Type2,17
13.39,Regular,0.028,Frozen Foods,188.49,Medium,Tier 1,Departmental Store,27
12.05,Regular,0.167,Canned,161.38,Medium,Tier 2,Supermarket Type2,17
12.21,No Sugar,0.048,Health and Hygiene,124.59,Medium,Tier 2,Supermarket Type2,17
15.68,Low Sugar,0.041,Frozen Foods,191.79,Medium,Tier 1,Departmental Store,27
13.9,Low Sugar,0.079,Soft Drinks,185.16,High,Tier 2,Supermarket Type1,39
10.57,No Sugar,0.047,Household,84.62,Small,Tier 3,Food Mart,28
12.16,Low Sugar,0.024,Soft Drinks,139.22,Medium,Tier 2,Supermarket Type2,17
12.97,No Sugar,0.012,Household,184.88,Medium,Tier 1,Departmental Store,27
14.18,Low Sugar,0.041,Dairy,132.29,Medium,Tier 2,Supermarket Type2,17
14.85,Low Sugar,0.085,Canned,126.54,Medium,Tier 2,Supermarket Type2,17
12.64,Low Sugar,0.155,Snack Foods,133.48,Medium,Tier 2,Supermarket Type2,17
15.36,No Sugar,0.073,Health and Hygiene,206.63,Medium,Tier 1,Departmental Store,27
16.22,Regular,0.023,Snack Foods,228.38,Medium,Tier 1,Departmental Store,27
17.41,Regular,0.085,Snack Foods,179.33,Medium,Tier 1,Departmental Store,27
9.36,No Sugar,0.025,Health and Hygiene,104.17,Small,Tier 3,Food Mart,28
8.86,Regular,0.015,Snack Foods,126.89,Small,Tier 3,Food Mart,28
10.1,Low Sugar,0.035,Frozen Foods,157.43,Medium,Tier 2,Supermarket Type2,17
13.83,Regular,0.025,Canned,181.0,Medium,Tier 1,Departmental Store,27
9.16,Low Sugar,0.142,Frozen Foods,117.08,High,Tier 2,Supermarket Type1,39
16.43,No Sugar,0.128,Health and Hygiene,158.69,High,Tier 2,Supermarket Type1,39
9.2,Low Sugar,0.054,Dairy,84.21,Small,Tier 3,Food Mart,28
13.33,Low Sugar,0.024,Soft Drinks,153.99,Medium,Tier 2,Supermarket Type2,17
12.87,Regular,0.069,Canned,155.34,Medium,Tier 2,Supermarket Type2,17
10.87,No Sugar,0.058,Health and Hygiene,140.9,Medium,Tier 2,Supermarket Type2,17
10.7,Low Sugar,0.068,Snack Foods,169.33,Medium,Tier 2,Supermarket Type2,17
15.3,Low Sugar,0.027,Breads,172.01,High,Tier 2,Supermarket Type1,39
16.37,Low Sugar,0.099,Canned,200.2,Medium,Tier 1,Departmental Store,27
13.09,Regular,0.022,Hard Drinks,197.75,High,Tier 2,Supermarket Type1,39
12.65,Low Sugar,0.098,Soft Drinks,150.6,Medium,Tier 2,Supermarket Type2,17
15.81,Low Sugar,0.073,Baking Goods,169.81,High,Tier 2,Supermarket Type1,39
12.53,Low Sugar,0.006,Hard Drinks,150.84,Medium,Tier 2,Supermarket Type2,17
17.34,Regular,0.113,Snack Foods,201.25,Medium,Tier 1,Departmental Store,27
14.42,Low Sugar,0.088,Hard Drinks,164.84,Medium,Tier 1,Departmental Store,27
12.92,No Sugar,0.053,Health and Hygiene,164.32,Medium,Tier 2,Supermarket Type2,17
8.02,Regular,0.021,Meat,138.84,Small,Tier 3,Food Mart,28
10.01,Low Sugar,0.107,Canned,157.42,Medium,Tier 2,Supermarket Type2,17
15.56,Low Sugar,0.173,Dairy,179.53,High,Tier 2,Supermarket Type1,39
8.99,No Sugar,0.066,Health and Hygiene,83.37,Small,Tier 3,Food Mart,28
15.15,Low Sugar,0.035,Fruits and Vegetables,147.73,High,Tier 2,Supermarket Type1,39
9.36,Low Sugar,0.124,Snack Foods,116.16,Small,Tier 3,Food Mart,28
13.27,Regular,0.061,Frozen Foods,142.68,Medium,Tier 2,Supermarket Type2,17
14.35,Low Sugar,0.038,Frozen Foods,175.22,Medium,Tier 1,Departmental Store,27
14.48,Low Sugar,0.108,Fruits and Vegetables,114.8,Medium,Tier 2,Supermarket Type2,17
9.34,No Sugar,0.019,Household,143.34,Medium,Tier 2,Supermarket Type2,17
14.57,No Sugar,0.043,Health and Hygiene,156.26,High,Tier 2,Supermarket Type1,39
10.41,Regular,0.073,Frozen Foods,148.34,Medium,Tier 2,Supermarket Type2,17
12.55,Regular,0.029,Fruits and Vegetables,151.83,Medium,Tier 2,Supermarket Type2,17
14.5,Low Sugar,0.021,Breads,228.92,Medium,Tier 1,Departmental Store,27
14.15,Regular,0.025,Snack Foods,196.25,High,Tier 2,Supermarket Type1,39
15.11,Low Sugar,0.046,Dairy,188.96,High,Tier 2,Supermarket Type1,39
14.14,Low Sugar,0.047,Frozen Foods,167.85,Medium,Tier 1,Departmental Store,27
12.8,Low Sugar,0.083,Hard Drinks,163.35,Medium,Tier 2,Supermarket Type2,17
12.35,Low Sugar,0.028,Dairy,183.26,High,Tier 2,Supermarket Type1,39
14.94,Low Sugar,0.035,Frozen Foods,147.75,Medium,Tier 2,Supermarket Type2,17
9.55,Low Sugar,0.127,Dairy,121.5,Small,Tier 3,Food Mart,28
12.11,Low Sugar,0.126,Breakfast,165.01,Medium,Tier 2,Supermarket Type2,17
11.36,Low Sugar,0.103,Dairy,111.23,High,Tier 2,Supermarket Type1,39
11.8,Low Sugar,0.148,Fruits and Vegetables,142.53,Medium,Tier 2,Supermarket Type2,17
11.64,Low Sugar,0.096,Frozen Foods,162.23,Medium,Tier 2,Supermarket Type2,17
10.11,Low Sugar,0.026,Hard Drinks,118.72,Small,Tier 3,Food Mart,28
15.44,Regular,0.031,Breads,184.62,High,Tier 2,Supermarket Type1,39
12.96,Low Sugar,0.034,Fruits and Vegetables,179.75,Small,Tier 3,Food Mart,28
10.95,No Sugar,0.019,Household,125.62,Medium,Tier 2,Supermarket Type2,17
12.63,Regular,0.046,Canned,110.82,Medium,Tier 2,Supermarket Type2,17
14.98,Low Sugar,0.022,Frozen Foods,142.36,Medium,Tier 2,Supermarket Type2,17
13.62,No Sugar,0.011,Health and Hygiene,174.75,Medium,Tier 1,Departmental Store,27
13.29,Low Sugar,0.081,Fruits and Vegetables,187.52,Medium,Tier 1,Departmental Store,27
7.26,Low Sugar,0.054,Fruits and Vegetables,128.93,Small,Tier 3,Food Mart,28
11.55,Regular,0.083,Frozen Foods,199.36,Medium,Tier 1,Departmental Store,27
11.53,Low Sugar,0.12,Breads,142.41,Medium,Tier 2,Supermarket Type2,17
17.91,Low Sugar,0.028,Breads,171.88,Medium,Tier 1,Departmental Store,27
15.68,Regular,0.118,Frozen Foods,162.72,Medium,Tier 1,Departmental Store,27
12.95,Low Sugar,0.021,Dairy,145.95,Medium,Tier 2,Supermarket Type2,17
10.9,Low Sugar,0.039,Fruits and Vegetables,126.73,Medium,Tier 2,Supermarket Type2,17
11.04,Regular,0.046,Fruits and Vegetables,147.61,Medium,Tier 2,Supermarket Type2,17
13.63,Low Sugar,0.012,Fruits and Vegetables,163.98,High,Tier 2,Supermarket Type1,39
12.89,Low Sugar,0.086,Fruits and Vegetables,149.01,Medium,Tier 2,Supermarket Type2,17
16.22,Low Sugar,0.019,Seafood,162.84,High,Tier 2,Supermarket Type1,39
11.54,Regular,0.127,Frozen Foods,82.63,Small,Tier 3,Food Mart,28
12.9,Low Sugar,0.097,Fruits and Vegetables,162.02,Medium,Tier 2,Supermarket Type2,17
10.45,Low Sugar,0.061,Breads,120.13,High,Tier 2,Supermarket Type1,39
11.23,No Sugar,0.054,Health and Hygiene,109.87,High,Tier 2,Supermarket Type1,39
15.24,Regular,0.026,Baking Goods,120.93,Medium,Tier 2,Supermarket Type2,17
16.34,No Sugar,0.139,Health and Hygiene,205.83,Medium,Tier 1,Departmental Store,27
10.82,Low Sugar,0.013,Soft Drinks,93.37,Small,Tier 3,Food Mart,28
14.08,Low Sugar,0.142,Dairy,160.08,High,Tier 2,Supermarket Type1,39
12.95,No Sugar,0.046,Others,146.97,Medium,Tier 2,Supermarket Type2,17
14.15,Regular,0.016,Fruits and Vegetables,172.04,Medium,Tier 1,Departmental Store,27
14.99,Regular,0.051,Snack Foods,163.35,Medium,Tier 1,Departmental Store,27
10.16,No Sugar,0.054,Health and Hygiene,111.96,Small,Tier 3,Food Mart,28
9.61,Regular,0.118,Snack Foods,154.62,Medium,Tier 2,Supermarket Type2,17
8.57,No Sugar,0.067,Household,98.22,Medium,Tier 1,Departmental Store,27
12.61,Regular,0.093,Soft Drinks,131.79,Medium,Tier 2,Supermarket Type2,17
14.28,No Sugar,0.052,Health and Hygiene,141.72,Medium,Tier 2,Supermarket Type2,17
11.35,No Sugar,0.033,Health and Hygiene,130.24,Medium,Tier 2,Supermarket Type2,17
12.77,Low Sugar,0.052,Snack Foods,148.67,Medium,Tier 2,Supermarket Type2,17
13.52,Low Sugar,0.019,Frozen Foods,137.98,Medium,Tier 2,Supermarket Type2,17
11.24,Regular,0.068,Snack Foods,128.89,Medium,Tier 2,Supermarket Type2,17
11.69,No Sugar,0.047,Health and Hygiene,159.77,Medium,Tier 2,Supermarket Type2,17
10.98,Low Sugar,0.122,Soft Drinks,107.51,Small,Tier 3,Food Mart,28
12.09,Low Sugar,0.152,Frozen Foods,130.63,Medium,Tier 2,Supermarket Type2,17
11.87,Low Sugar,0.113,Meat,180.96,Medium,Tier 2,Supermarket Type2,17
9.48,Low Sugar,0.133,Dairy,150.23,Medium,Tier 2,Supermarket Type2,17
7.39,Low Sugar,0.013,Fruits and Vegetables,119.24,Small,Tier 3,Food Mart,28
12.19,Regular,0.038,Dairy,125.9,Medium,Tier 2,Supermarket Type2,17
15.66,Low Sugar,0.085,Canned,182.96,High,Tier 2,Supermarket Type1,39
11.65,No Sugar,0.036,Health and Hygiene,153.05,Medium,Tier 2,Supermarket Type2,17
11.91,Low Sugar,0.041,Fruits and Vegetables,94.69,Small,Tier 3,Food Mart,28
17.06,No Sugar,0.041,Health and Hygiene,144.67,Medium,Tier 1,Departmental Store,27
14.47,Regular,0.01,Canned,146.03,Medium,Tier 2,Supermarket Type2,17
12.1,Low Sugar,0.085,Baking Goods,155.02,Medium,Tier 2,Supermarket Type2,17
12.35,Low Sugar,0.054,Soft Drinks,161.07,Medium,Tier 2,Supermarket Type2,17
11.99,Low Sugar,0.004,Fruits and Vegetables,114.18,Medium,Tier 2,Supermarket Type2,17
11.59,Low Sugar,0.085,Canned,135.1,Medium,Tier 2,Supermarket Type2,17
16.0,Low Sugar,0.031,Frozen Foods,205.47,Medium,Tier 1,Departmental Store,27
12.07,Low Sugar,0.015,Soft Drinks,151.64,Medium,Tier 2,Supermarket Type2,17
12.46,Low Sugar,0.011,Soft Drinks,144.98,Medium,Tier 2,Supermarket Type2,17
15.11,Low Sugar,0.063,Frozen Foods,188.83,High,Tier 2,Supermarket Type1,39
10.72,Regular,0.113,Baking Goods,158.26,Medium,Tier 2,Supermarket Type2,17
15.72,Low Sugar,0.076,Snack Foods,103.46,Medium,Tier 2,Supermarket Type2,17
11.78,Low Sugar,0.027,Canned,128.7,Medium,Tier 2,Supermarket Type2,17
13.68,Low Sugar,0.042,Frozen Foods,129.32,Medium,Tier 2,Supermarket Type2,17
13.96,Low Sugar,0.097,Hard Drinks,162.71,Small,Tier 3,Food Mart,28
12.17,Low Sugar,0.053,Frozen Foods,120.79,Medium,Tier 2,Supermarket Type2,17
15.68,No Sugar,0.015,Household,158.82,Medium,Tier 1,Departmental Store,27
15.05,Low Sugar,0.076,Snack Foods,168.99,Medium,Tier 1,Departmental Store,27
15.5,Regular,0.025,Seafood,135.61,Medium,Tier 2,Supermarket Type2,17
11.73,Regular,0.071,Canned,132.08,Medium,Tier 2,Supermarket Type2,17
14.87,Regular,0.014,Meat,132.95,Medium,Tier 2,Supermarket Type2,17
17.11,Regular,0.049,Soft Drinks,176.42,Medium,Tier 1,Departmental Store,27
14.04,Regular,0.142,Fruits and Vegetables,144.73,Medium,Tier 2,Supermarket Type2,17
12.07,Low Sugar,0.047,Soft Drinks,145.62,Medium,Tier 2,Supermarket Type2,17
13.62,Low Sugar,0.021,Fruits and Vegetables,168.33,High,Tier 2,Supermarket Type1,39
12.29,Low Sugar,0.109,Frozen Foods,127.14,Medium,Tier 2,Supermarket Type2,17
12.27,Regular,0.022,Hard Drinks,127.72,Medium,Tier 2,Supermarket Type2,17
12.29,Regular,0.093,Soft Drinks,143.37,Medium,Tier 2,Supermarket Type2,17
16.34,Low Sugar,0.035,Baking Goods,160.16,High,Tier 2,Supermarket Type1,39
12.75,Regular,0.038,Snack Foods,114.56,Medium,Tier 2,Supermarket Type2,17
12.22,No Sugar,0.047,Household,176.08,Medium,Tier 2,Supermarket Type2,17
10.03,Low Sugar,0.064,Baking Goods,100.21,Small,Tier 3,Food Mart,28
9.66,Low Sugar,0.017,Frozen Foods,124.61,High,Tier 2,Supermarket Type1,39
11.34,Regular,0.03,Fruits and Vegetables,196.92,High,Tier 2,Supermarket Type1,39
11.11,Regular,0.105,Snack Foods,134.32,Medium,Tier 2,Supermarket Type2,17
15.93,Low Sugar,0.041,Frozen Foods,149.16,Medium,Tier 1,Departmental Store,27
12.14,Regular,0.047,Fruits and Vegetables,132.51,Medium,Tier 2,Supermarket Type2,17
11.19,Low Sugar,0.028,Fruits and Vegetables,166.97,Medium,Tier 2,Supermarket Type2,17
13.73,No Sugar,0.047,Household,147.0,Medium,Tier 2,Supermarket Type2,17
11.81,No Sugar,0.104,Household,150.43,Medium,Tier 2,Supermarket Type2,17
14.85,Regular,0.013,Snack Foods,195.45,High,Tier 2,Supermarket Type1,39
11.42,Regular,0.015,Frozen Foods,125.11,Medium,Tier 2,Supermarket Type2,17
13.37,No Sugar,0.09,Others,181.22,Medium,Tier 1,Departmental Store,27
9.63,No Sugar,0.091,Health and Hygiene,104.7,Small,Tier 3,Food Mart,28
11.98,Low Sugar,0.014,Snack Foods,166.73,Medium,Tier 2,Supermarket Type2,17
12.76,Regular,0.092,Canned,151.17,Medium,Tier 2,Supermarket Type2,17
10.99,Regular,0.015,Frozen Foods,145.42,Medium,Tier 2,Supermarket Type2,17
12.14,Regular,0.125,Fruits and Vegetables,165.59,Medium,Tier 2,Supermarket Type2,17
13.03,No Sugar,0.017,Health and Hygiene,142.37,Medium,Tier 2,Supermarket Type2,17
12.13,Regular,0.033,Soft Drinks,140.19,Medium,Tier 2,Supermarket Type2,17
12.57,Low Sugar,0.038,Canned,127.32,Medium,Tier 2,Supermarket Type2,17
14.35,Low Sugar,0.013,Dairy,176.79,Medium,Tier 1,Departmental Store,27
9.75,Regular,0.073,Frozen Foods,144.78,Medium,Tier 2,Supermarket Type2,17
14.61,Regular,0.014,Snack Foods,157.95,High,Tier 2,Supermarket Type1,39
10.11,No Sugar,0.031,Household,135.36,Medium,Tier 2,Supermarket Type2,17
7.93,Low Sugar,0.012,Fruits and Vegetables,119.38,Small,Tier 3,Food Mart,28
11.53,Low Sugar,0.037,Fruits and Vegetables,159.86,Medium,Tier 2,Supermarket Type2,17
16.35,Low Sugar,0.112,Meat,185.71,Medium,Tier 1,Departmental Store,27
11.32,No Sugar,0.04,Health and Hygiene,113.33,High,Tier 2,Supermarket Type1,39
11.36,Low Sugar,0.087,Soft Drinks,160.71,Medium,Tier 2,Supermarket Type2,17
11.33,Regular,0.036,Hard Drinks,156.12,Medium,Tier 2,Supermarket Type2,17
9.71,No Sugar,0.015,Household,152.0,Medium,Tier 2,Supermarket Type2,17
10.78,Low Sugar,0.053,Fruits and Vegetables,193.54,Medium,Tier 2,Supermarket Type2,17
12.92,Regular,0.088,Soft Drinks,116.99,Medium,Tier 2,Supermarket Type2,17
11.93,Low Sugar,0.102,Breads,109.5,Medium,Tier 2,Supermarket Type2,17
14.88,Regular,0.061,Canned,166.43,Medium,Tier 1,Departmental Store,27
13.82,Regular,0.016,Canned,161.04,High,Tier 2,Supermarket Type1,39
12.29,Regular,0.059,Frozen Foods,162.33,Medium,Tier 2,Supermarket Type2,17
12.23,Regular,0.024,Snack Foods,137.52,Medium,Tier 2,Supermarket Type2,17
13.97,No Sugar,0.105,Household,160.54,High,Tier 2,Supermarket Type1,39
9.1,Regular,0.055,Frozen Foods,139.96,Medium,Tier 2,Supermarket Type2,17
11.57,Low Sugar,0.035,Frozen Foods,161.47,Medium,Tier 2,Supermarket Type2,17
11.18,Low Sugar,0.018,Soft Drinks,113.14,High,Tier 2,Supermarket Type1,39
18.74,Low Sugar,0.034,Dairy,184.15,Medium,Tier 1,Departmental Store,27
9.02,Low Sugar,0.073,Frozen Foods,108.16,Small,Tier 3,Food Mart,28
13.52,Low Sugar,0.024,Dairy,169.29,High,Tier 2,Supermarket Type1,39
14.2,Low Sugar,0.018,Meat,146.52,Medium,Tier 2,Supermarket Type2,17
15.2,No Sugar,0.076,Household,156.48,Medium,Tier 1,Departmental Store,27
13.45,Regular,0.045,Frozen Foods,153.59,Medium,Tier 2,Supermarket Type2,17
12.76,Low Sugar,0.041,Canned,133.96,Medium,Tier 2,Supermarket Type2,17
15.43,Low Sugar,0.123,Snack Foods,162.17,Medium,Tier 1,Departmental Store,27
13.36,Low Sugar,0.053,Baking Goods,122.97,Medium,Tier 2,Supermarket Type2,17
13.24,Low Sugar,0.085,Breads,153.86,Medium,Tier 2,Supermarket Type2,17
11.37,Low Sugar,0.014,Snack Foods,191.25,High,Tier 2,Supermarket Type1,39
11.7,Low Sugar,0.028,Frozen Foods,114.71,Medium,Tier 1,Departmental Store,27
15.54,No Sugar,0.066,Household,151.37,High,Tier 2,Supermarket Type1,39
11.55,Regular,0.054,Soft Drinks,148.92,Medium,Tier 2,Supermarket Type2,17
14.38,Low Sugar,0.025,Dairy,184.71,Medium,Tier 1,Departmental Store,27
12.39,Low Sugar,0.029,Dairy,141.6,Medium,Tier 2,Supermarket Type2,17
12.28,Low Sugar,0.021,Fruits and Vegetables,143.51,Medium,Tier 2,Supermarket Type2,17
6.78,Low Sugar,0.11,Dairy,125.21,Small,Tier 3,Food Mart,28
10.39,Regular,0.021,Snack Foods,103.17,Small,Tier 3,Food Mart,28
15.07,Low Sugar,0.014,Fruits and Vegetables,176.85,High,Tier 2,Supermarket Type1,39
12.93,Low Sugar,0.025,Dairy,168.67,Medium,Tier 2,Supermarket Type2,17
11.25,Low Sugar,0.073,Frozen Foods,112.68,High,Tier 2,Supermarket Type1,39
10.7,No Sugar,0.062,Health and Hygiene,149.39,Medium,Tier 2,Supermarket Type2,17
11.32,reg,0.026,Snack Foods,134.97,Medium,Tier 2,Supermarket Type2,17
9.52,Regular,0.125,Soft Drinks,145.51,Medium,Tier 2,Supermarket Type2,17
13.61,Regular,0.081,Canned,162.05,Medium,Tier 2,Supermarket Type2,17
13.01,Low Sugar,0.077,Canned,168.09,Medium,Tier 2,Supermarket Type2,17
17.56,Low Sugar,0.139,Baking Goods,164.32,Medium,Tier 1,Departmental Store,27
14.65,Regular,0.019,Soft Drinks,162.2,Medium,Tier 1,Departmental Store,27
10.71,Low Sugar,0.126,Frozen Foods,165.94,Medium,Tier 2,Supermarket Type2,17
11.09,Low Sugar,0.123,Snack Foods,80.12,Small,Tier 3,Food Mart,28
9.89,Low Sugar,0.049,Meat,111.6,Small,Tier 3,Food Mart,28
13.39,Low Sugar,0.026,Frozen Foods,140.99,Medium,Tier 2,Supermarket Type2,17
13.89,No Sugar,0.123,Household,124.96,Medium,Tier 2,Supermarket Type2,17
9.24,No Sugar,0.03,Household,128.9,High,Tier 2,Supermarket Type1,39
11.38,Low Sugar,0.021,Dairy,140.64,Medium,Tier 2,Supermarket Type2,17
11.17,Regular,0.039,Fruits and Vegetables,176.59,Medium,Tier 2,Supermarket Type2,17
11.93,Regular,0.04,Snack Foods,123.32,Medium,Tier 2,Supermarket Type2,17
9.44,Low Sugar,0.016,Breads,125.39,Small,Tier 3,Food Mart,28
9.65,Regular,0.085,Fruits and Vegetables,68.65,Small,Tier 3,Food Mart,28
14.98,Low Sugar,0.098,Breads,133.58,Medium,Tier 2,Supermarket Type2,17
14.43,Low Sugar,0.012,Frozen Foods,147.86,Medium,Tier 2,Supermarket Type2,17
13.02,No Sugar,0.014,Household,167.91,Medium,Tier 2,Supermarket Type2,17
10.01,Low Sugar,0.051,Dairy,120.13,High,Tier 2,Supermarket Type1,39
8.72,Regular,0.098,Frozen Foods,152.5,Medium,Tier 2,Supermarket Type2,17
4.28,Low Sugar,0.037,Dairy,79.65,Small,Tier 3,Food Mart,28
12.91,No Sugar,0.019,Others,167.01,Medium,Tier 2,Supermarket Type2,17
13.52,Regular,0.14,Dairy,139.07,Medium,Tier 2,Supermarket Type2,17
11.7,Low Sugar,0.012,Soft Drinks,146.45,Medium,Tier 2,Supermarket Type2,17
13.57,Low Sugar,0.091,Frozen Foods,201.17,Small,Tier 3,Food Mart,28
15.95,Low Sugar,0.096,Snack Foods,192.85,Medium,Tier 1,Departmental Store,27
16.69,Low Sugar,0.065,Breads,179.87,Medium,Tier 1,Departmental Store,27
13.68,No Sugar,0.115,Household,127.8,Medium,Tier 2,Supermarket Type2,17
14.73,Low Sugar,0.035,Baking Goods,158.53,High,Tier 2,Supermarket Type1,39
12.84,Low Sugar,0.055,Fruits and Vegetables,146.43,Medium,Tier 2,Supermarket Type2,17
14.38,Low Sugar,0.035,Soft Drinks,181.77,High,Tier 2,Supermarket Type1,39
10.79,Low Sugar,0.026,Baking Goods,109.02,Small,Tier 3,Food Mart,28
8.48,Low Sugar,0.019,Frozen Foods,134.6,Small,Tier 3,Food Mart,28
14.53,Regular,0.05,Canned,200.91,Medium,Tier 1,Departmental Store,27
14.8,Regular,0.147,Baking Goods,145.64,Medium,Tier 2,Supermarket Type2,17
13.04,No Sugar,0.025,Household,200.01,High,Tier 2,Supermarket Type1,39
12.0,Low Sugar,0.085,Soft Drinks,128.95,Medium,Tier 2,Supermarket Type2,17
11.83,Regular,0.128,Frozen Foods,139.06,Medium,Tier 2,Supermarket Type2,17
12.8,Low Sugar,0.036,Meat,115.4,Medium,Tier 2,Supermarket Type2,17
8.04,Low Sugar,0.013,Dairy,108.38,Small,Tier 3,Food Mart,28
9.79,Low Sugar,0.027,Dairy,136.67,Medium,Tier 2,Supermarket Type2,17
13.96,Low Sugar,0.035,Frozen Foods,155.03,Medium,Tier 2,Supermarket Type2,17
10.99,No Sugar,0.112,Household,127.18,Medium,Tier 2,Supermarket Type2,17
11.82,Low Sugar,0.049,Dairy,114.8,Medium,Tier 2,Supermarket Type2,17
10.94,Low Sugar,0.147,Canned,157.42,Medium,Tier 2,Supermarket Type2,17
14.85,Low Sugar,0.13,Baking Goods,182.46,High,Tier 2,Supermarket Type1,39
11.09,Regular,0.067,Fruits and Vegetables,129.2,Medium,Tier 2,Supermarket Type2,17
10.66,No Sugar,0.017,Household,131.07,Medium,Tier 2,Supermarket Type2,17
14.67,No Sugar,0.03,Others,155.11,High,Tier 2,Supermarket Type1,39
13.9,No Sugar,0.079,Household,159.87,Medium,Tier 2,Supermarket Type2,17
14.12,No Sugar,0.069,Health and Hygiene,182.13,High,Tier 2,Supermarket Type1,39
11.62,Regular,0.055,Baking Goods,141.13,Medium,Tier 2,Supermarket Type2,17
18.23,Low Sugar,0.013,Meat,235.59,Medium,Tier 1,Departmental Store,27
10.69,Regular,0.055,Snack Foods,117.61,High,Tier 2,Supermarket Type1,39
14.47,Regular,0.037,Hard Drinks,191.5,High,Tier 2,Supermarket Type1,39
14.82,No Sugar,0.031,Health and Hygiene,204.52,Medium,Tier 1,Departmental Store,27
11.75,Low Sugar,0.076,Fruits and Vegetables,148.84,Medium,Tier 2,Supermarket Type2,17
11.35,Regular,0.018,Meat,84.89,Small,Tier 3,Food Mart,28
8.95,Low Sugar,0.129,Meat,113.79,Small,Tier 3,Food Mart,28
13.17,Low Sugar,0.075,Fruits and Vegetables,185.03,Medium,Tier 1,Departmental Store,27
11.91,Low Sugar,0.096,Snack Foods,125.39,Medium,Tier 2,Supermarket Type2,17
11.83,No Sugar,0.045,Health and Hygiene,162.44,Medium,Tier 2,Supermarket Type2,17
10.88,Low Sugar,0.048,Breads,143.6,Medium,Tier 2,Supermarket Type2,17
14.0,Low Sugar,0.128,Fruits and Vegetables,150.72,Medium,Tier 2,Supermarket Type2,17
10.61,Low Sugar,0.037,Fruits and Vegetables,83.75,Small,Tier 3,Food Mart,28
12.93,Low Sugar,0.042,Dairy,152.25,Medium,Tier 2,Supermarket Type2,17
15.6,Low Sugar,0.066,Soft Drinks,138.77,Medium,Tier 2,Supermarket Type2,17
9.21,Low Sugar,0.085,Baking Goods,131.19,High,Tier 2,Supermarket Type1,39
8.73,Low Sugar,0.056,Snack Foods,101.72,Small,Tier 3,Food Mart,28
12.93,Regular,0.019,Meat,134.66,Medium,Tier 2,Supermarket Type2,17
11.96,Low Sugar,0.023,Breads,152.68,Medium,Tier 2,Supermarket Type2,17
12.26,Low Sugar,0.122,Fruits and Vegetables,196.93,Medium,Tier 1,Departmental Store,27
10.12,Low Sugar,0.082,Meat,79.92,High,Tier 2,Supermarket Type1,39
12.55,No Sugar,0.011,Household,147.76,Medium,Tier 2,Supermarket Type2,17
12.63,Regular,0.027,Meat,124.38,Medium,Tier 2,Supermarket Type2,17
16.46,Low Sugar,0.173,Fruits and Vegetables,200.07,Medium,Tier 1,Departmental Store,27
10.23,Low Sugar,0.129,Soft Drinks,54.23,Small,Tier 3,Food Mart,28
9.84,Low Sugar,0.111,Frozen Foods,106.15,Small,Tier 3,Food Mart,28
14.78,Low Sugar,0.039,Canned,212.84,Medium,Tier 1,Departmental Store,27
14.12,Regular,0.136,Frozen Foods,177.84,Medium,Tier 1,Departmental Store,27
11.81,Low Sugar,0.049,Snack Foods,91.15,Small,Tier 3,Food Mart,28
13.94,Low Sugar,0.084,Snack Foods,153.75,Medium,Tier 2,Supermarket Type2,17
12.46,Low Sugar,0.034,Baking Goods,155.39,Medium,Tier 2,Supermarket Type2,17
12.9,Low Sugar,0.078,Meat,138.44,Medium,Tier 2,Supermarket Type2,17
14.13,Low Sugar,0.038,Starchy Foods,174.77,Medium,Tier 1,Departmental Store,27
14.42,Regular,0.038,Snack Foods,181.92,High,Tier 2,Supermarket Type1,39
11.87,Low Sugar,0.037,Meat,169.4,Medium,Tier 2,Supermarket Type2,17
13.07,Regular,0.053,Canned,123.25,Medium,Tier 2,Supermarket Type2,17
13.13,No Sugar,0.024,Others,179.25,Medium,Tier 1,Departmental Store,27
16.58,Regular,0.184,Canned,148.33,Medium,Tier 1,Departmental Store,27
11.85,Low Sugar,0.112,Snack Foods,181.27,Medium,Tier 2,Supermarket Type2,17
15.89,Low Sugar,0.076,Frozen Foods,201.66,Medium,Tier 1,Departmental Store,27
10.83,Regular,0.014,Meat,178.78,Medium,Tier 2,Supermarket Type2,17
15.52,No Sugar,0.107,Household,213.87,Medium,Tier 1,Departmental Store,27
13.83,Low Sugar,0.018,Baking Goods,146.23,Medium,Tier 2,Supermarket Type2,17
13.01,No Sugar,0.034,Health and Hygiene,188.6,Medium,Tier 1,Departmental Store,27
15.29,Low Sugar,0.105,Dairy,166.6,Medium,Tier 1,Departmental Store,27
9.61,Regular,0.06,Fruits and Vegetables,128.02,High,Tier 2,Supermarket Type1,39
15.88,No Sugar,0.047,Household,180.04,High,Tier 2,Supermarket Type1,39
12.57,No Sugar,0.015,Health and Hygiene,206.35,High,Tier 2,Supermarket Type1,39
13.91,Regular,0.02,Meat,131.4,Medium,Tier 2,Supermarket Type2,17
13.14,Low Sugar,0.019,Fruits and Vegetables,119.61,Medium,Tier 2,Supermarket Type2,17
10.05,Low Sugar,0.167,Snack Foods,123.55,High,Tier 2,Supermarket Type1,39
15.75,Low Sugar,0.1,Fruits and Vegetables,179.35,High,Tier 2,Supermarket Type1,39
12.18,Low Sugar,0.093,Dairy,177.17,Medium,Tier 2,Supermarket Type2,17
9.29,Low Sugar,0.09,Meat,95.01,Small,Tier 3,Food Mart,28
12.22,Regular,0.082,Frozen Foods,172.53,Medium,Tier 2,Supermarket Type2,17
11.31,Low Sugar,0.071,Snack Foods,165.68,Medium,Tier 2,Supermarket Type2,17
15.86,Regular,0.054,Fruits and Vegetables,174.17,High,Tier 2,Supermarket Type1,39
13.64,Low Sugar,0.1,Baking Goods,159.32,Medium,Tier 2,Supermarket Type2,17
12.49,No Sugar,0.036,Health and Hygiene,151.74,Medium,Tier 2,Supermarket Type2,17
10.43,Low Sugar,0.021,Frozen Foods,108.43,Small,Tier 3,Food Mart,28
13.05,Low Sugar,0.076,Meat,149.28,Medium,Tier 2,Supermarket Type2,17
10.49,Low Sugar,0.047,Baking Goods,122.86,High,Tier 2,Supermarket Type1,39
11.36,Low Sugar,0.097,Baking Goods,136.92,Medium,Tier 2,Supermarket Type2,17
13.59,Low Sugar,0.046,Frozen Foods,176.65,Medium,Tier 1,Departmental Store,27
18.65,Regular,0.093,Frozen Foods,155.21,Medium,Tier 1,Departmental Store,27
17.66,Low Sugar,0.101,Fruits and Vegetables,169.26,Medium,Tier 1,Departmental Store,27
12.69,No Sugar,0.196,Household,163.32,Medium,Tier 2,Supermarket Type2,17
10.77,Low Sugar,0.11,Frozen Foods,173.1,Medium,Tier 2,Supermarket Type2,17
11.14,No Sugar,0.099,Household,147.29,Medium,Tier 2,Supermarket Type2,17
15.45,Regular,0.162,Fruits and Vegetables,199.37,Medium,Tier 1,Departmental Store,27
12.77,Regular,0.009,Baking Goods,172.19,Medium,Tier 2,Supermarket Type2,17
13.14,Low Sugar,0.016,Snack Foods,136.33,Medium,Tier 2,Supermarket Type2,17
13.52,Low Sugar,0.1,Fruits and Vegetables,185.4,Medium,Tier 1,Departmental Store,27
14.3,reg,0.094,Fruits and Vegetables,163.52,High,Tier 2,Supermarket Type1,39
12.09,Low Sugar,0.102,Snack Foods,135.79,Medium,Tier 2,Supermarket Type2,17
10.54,Regular,0.094,Fruits and Vegetables,151.96,Medium,Tier 2,Supermarket Type2,17
13.91,Low Sugar,0.13,Fruits and Vegetables,193.95,High,Tier 2,Supermarket Type1,39
13.27,Regular,0.042,Baking Goods,153.54,Medium,Tier 2,Supermarket Type2,17
6.16,Low Sugar,0.047,Fruits and Vegetables,96.51,High,Tier 2,Supermarket Type1,39
8.95,No Sugar,0.05,Health and Hygiene,131.45,Small,Tier 3,Food Mart,28
12.24,Low Sugar,0.065,Breakfast,87.91,Small,Tier 3,Food Mart,28
8.52,Low Sugar,0.013,Meat,131.41,Small,Tier 3,Food Mart,28
9.79,Low Sugar,0.141,Snack Foods,71.57,Small,Tier 3,Food Mart,28
11.32,Low Sugar,0.066,Baking Goods,130.05,Medium,Tier 2,Supermarket Type2,17
9.39,No Sugar,0.09,Health and Hygiene,191.52,Medium,Tier 2,Supermarket Type2,17
13.1,Regular,0.024,Dairy,209.51,High,Tier 2,Supermarket Type1,39
14.09,Low Sugar,0.151,Canned,169.31,Medium,Tier 1,Departmental Store,27
14.75,Low Sugar,0.021,Dairy,160.82,Medium,Tier 1,Departmental Store,27
16.01,Regular,0.126,Frozen Foods,163.85,High,Tier 2,Supermarket Type1,39
17.56,No Sugar,0.105,Household,171.77,Medium,Tier 1,Departmental Store,27
12.41,Low Sugar,0.015,Fruits and Vegetables,172.0,Medium,Tier 2,Supermarket Type2,17
10.18,Low Sugar,0.02,Snack Foods,142.08,Medium,Tier 2,Supermarket Type2,17
14.08,Low Sugar,0.019,Breads,159.17,High,Tier 2,Supermarket Type1,39
12.79,Regular,0.082,Meat,199.42,High,Tier 2,Supermarket Type1,39
14.14,Low Sugar,0.046,Baking Goods,179.03,Small,Tier 3,Food Mart,28
11.59,Low Sugar,0.021,Snack Foods,192.9,High,Tier 2,Supermarket Type1,39
14.35,Low Sugar,0.116,Meat,145.74,Medium,Tier 2,Supermarket Type2,17
12.36,Low Sugar,0.017,Frozen Foods,139.8,Medium,Tier 2,Supermarket Type2,17
13.19,No Sugar,0.051,Household,171.04,High,Tier 2,Supermarket Type1,39
13.27,Low Sugar,0.047,Soft Drinks,134.1,Medium,Tier 2,Supermarket Type2,17
11.76,Low Sugar,0.172,Meat,156.41,Medium,Tier 2,Supermarket Type2,17
14.67,No Sugar,0.115,Household,175.61,Medium,Tier 1,Departmental Store,27
12.91,Regular,0.084,Frozen Foods,143.81,Medium,Tier 2,Supermarket Type2,17
10.48,Low Sugar,0.042,Canned,133.1,Medium,Tier 2,Supermarket Type2,17
10.75,Low Sugar,0.061,Breakfast,133.29,Medium,Tier 2,Supermarket Type2,17
11.09,Low Sugar,0.076,Breads,111.05,High,Tier 2,Supermarket Type1,39
14.12,Low Sugar,0.151,Fruits and Vegetables,140.95,Medium,Tier 2,Supermarket Type2,17
9.57,No Sugar,0.019,Others,124.26,Small,Tier 3,Food Mart,28
12.18,Regular,0.181,Canned,126.06,Medium,Tier 2,Supermarket Type2,17
14.75,Low Sugar,0.153,Snack Foods,173.07,Medium,Tier 1,Departmental Store,27
15.25,Regular,0.057,Dairy,181.76,High,Tier 2,Supermarket Type1,39
13.23,Low Sugar,0.037,Fruits and Vegetables,151.76,Medium,Tier 2,Supermarket Type2,17
12.62,Low Sugar,0.007,Starchy Foods,181.96,High,Tier 2,Supermarket Type1,39
10.9,Low Sugar,0.013,Snack Foods,91.2,Small,Tier 3,Food Mart,28
14.19,Low Sugar,0.028,Frozen Foods,155.48,Medium,Tier 2,Supermarket Type2,17
11.85,Low Sugar,0.061,Baking Goods,182.97,High,Tier 2,Supermarket Type1,39
11.91,Low Sugar,0.059,Meat,192.83,Medium,Tier 1,Departmental Store,27
10.42,Regular,0.032,Breads,98.53,Small,Tier 3,Food Mart,28
15.27,No Sugar,0.061,Others,142.14,Medium,Tier 2,Supermarket Type2,17
11.17,Low Sugar,0.016,Meat,137.87,Medium,Tier 2,Supermarket Type2,17
12.84,Low Sugar,0.089,Snack Foods,109.71,Medium,Tier 2,Supermarket Type2,17
13.25,No Sugar,0.104,Household,107.7,Medium,Tier 2,Supermarket Type2,17
14.0,Low Sugar,0.016,Fruits and Vegetables,212.16,Medium,Tier 1,Departmental Store,27
10.13,Low Sugar,0.037,Snack Foods,127.12,High,Tier 2,Supermarket Type1,39
14.58,Regular,0.192,Fruits and Vegetables,151.33,Medium,Tier 2,Supermarket Type2,17
9.95,No Sugar,0.09,Household,166.52,Medium,Tier 2,Supermarket Type2,17
12.71,Low Sugar,0.152,Dairy,172.23,Medium,Tier 2,Supermarket Type2,17
16.22,Regular,0.188,Baking Goods,142.3,High,Tier 2,Supermarket Type1,39
14.3,Regular,0.065,Breads,189.18,High,Tier 2,Supermarket Type1,39
14.45,Low Sugar,0.049,Snack Foods,202.59,High,Tier 2,Supermarket Type1,39
15.09,Regular,0.006,Fruits and Vegetables,160.76,Medium,Tier 1,Departmental Store,27
11.19,No Sugar,0.015,Household,155.38,Medium,Tier 2,Supermarket Type2,17
10.55,No Sugar,0.159,Household,139.07,Medium,Tier 2,Supermarket Type2,17
12.22,Regular,0.025,Fruits and Vegetables,167.18,Medium,Tier 2,Supermarket Type2,17
13.39,No Sugar,0.022,Others,153.93,Medium,Tier 2,Supermarket Type2,17
12.24,Low Sugar,0.042,Baking Goods,219.05,High,Tier 2,Supermarket Type1,39
10.87,No Sugar,0.026,Health and Hygiene,141.53,Medium,Tier 2,Supermarket Type2,17
11.55,No Sugar,0.038,Health and Hygiene,148.36,Medium,Tier 2,Supermarket Type2,17
11.99,Low Sugar,0.031,Frozen Foods,128.57,Medium,Tier 2,Supermarket Type2,17
11.0,Low Sugar,0.022,Frozen Foods,212.03,Medium,Tier 1,Departmental Store,27
16.33,Low Sugar,0.099,Snack Foods,165.11,High,Tier 2,Supermarket Type1,39
12.27,Low Sugar,0.035,Canned,137.97,Medium,Tier 2,Supermarket Type2,17
8.34,Low Sugar,0.056,Canned,78.84,High,Tier 2,Supermarket Type1,39
13.43,Regular,0.123,Fruits and Vegetables,133.58,Medium,Tier 2,Supermarket Type2,17
10.95,Low Sugar,0.039,Canned,123.62,Medium,Tier 2,Supermarket Type2,17
14.38,Low Sugar,0.033,Frozen Foods,120.04,Medium,Tier 2,Supermarket Type2,17
13.7,Low Sugar,0.171,Hard Drinks,135.23,Medium,Tier 2,Supermarket Type2,17
12.12,Low Sugar,0.081,Breakfast,116.42,Medium,Tier 2,Supermarket Type2,17
15.33,Regular,0.137,Snack Foods,228.45,Medium,Tier 1,Departmental Store,27
13.46,No Sugar,0.063,Household,192.52,High,Tier 2,Supermarket Type1,39
11.36,Regular,0.195,Fruits and Vegetables,116.67,Medium,Tier 2,Supermarket Type2,17
15.06,Low Sugar,0.034,Snack Foods,165.64,Medium,Tier 1,Departmental Store,27
11.39,Regular,0.059,Fruits and Vegetables,134.62,Medium,Tier 2,Supermarket Type2,17
14.3,Low Sugar,0.044,Meat,145.52,Medium,Tier 2,Supermarket Type2,17
12.99,Low Sugar,0.082,Meat,169.17,Medium,Tier 2,Supermarket Type2,17
9.47,Low Sugar,0.168,Baking Goods,123.68,Small,Tier 3,Food Mart,28
11.92,Regular,0.062,Breads,131.12,Medium,Tier 2,Supermarket Type2,17
12.73,Low Sugar,0.043,Dairy,147.27,Medium,Tier 2,Supermarket Type2,17
10.3,Low Sugar,0.016,Fruits and Vegetables,107.68,Small,Tier 3,Food Mart,28
16.4,Low Sugar,0.01,Meat,208.33,Medium,Tier 1,Departmental Store,27
15.45,Low Sugar,0.033,Fruits and Vegetables,172.22,High,Tier 2,Supermarket Type1,39
13.15,Low Sugar,0.064,Frozen Foods,175.29,High,Tier 2,Supermarket Type1,39
13.7,Regular,0.061,Fruits and Vegetables,173.67,Medium,Tier 1,Departmental Store,27
13.89,Regular,0.048,Frozen Foods,155.59,Medium,Tier 2,Supermarket Type2,17
12.02,No Sugar,0.12,Household,128.77,Medium,Tier 2,Supermarket Type2,17
12.88,Regular,0.01,Fruits and Vegetables,181.93,Medium,Tier 1,Departmental Store,27
10.64,Low Sugar,0.168,Canned,152.01,Medium,Tier 2,Supermarket Type2,17
9.59,No Sugar,0.05,Health and Hygiene,126.44,High,Tier 2,Supermarket Type1,39
10.14,Regular,0.077,Frozen Foods,127.87,High,Tier 2,Supermarket Type1,39
14.95,Low Sugar,0.042,Frozen Foods,141.04,Medium,Tier 2,Supermarket Type2,17
11.56,Low Sugar,0.113,Fruits and Vegetables,151.4,Medium,Tier 2,Supermarket Type2,17
12.18,Low Sugar,0.099,Dairy,172.32,Medium,Tier 2,Supermarket Type2,17
13.26,Low Sugar,0.013,Snack Foods,154.63,Small,Tier 3,Food Mart,28
15.43,Low Sugar,0.047,Frozen Foods,167.03,Medium,Tier 1,Departmental Store,27
15.82,No Sugar,0.016,Household,155.22,Medium,Tier 1,Departmental Store,27
12.48,Low Sugar,0.035,Breads,158.46,Medium,Tier 2,Supermarket Type2,17
13.3,Low Sugar,0.113,Canned,139.09,Medium,Tier 2,Supermarket Type2,17
11.06,Low Sugar,0.014,Soft Drinks,85.09,Small,Tier 3,Food Mart,28
14.16,No Sugar,0.046,Household,120.08,Medium,Tier 2,Supermarket Type2,17
14.39,Regular,0.047,Soft Drinks,191.54,High,Tier 2,Supermarket Type1,39
13.4,No Sugar,0.024,Household,101.68,Medium,Tier 2,Supermarket Type2,17
11.4,Low Sugar,0.024,Hard Drinks,113.14,High,Tier 2,Supermarket Type1,39
13.9,No Sugar,0.023,Household,179.14,Medium,Tier 1,Departmental Store,27
14.31,Regular,0.133,Seafood,154.2,Medium,Tier 2,Supermarket Type2,17
12.21,No Sugar,0.061,Household,158.79,Medium,Tier 2,Supermarket Type2,17
11.68,No Sugar,0.015,Household,163.8,Medium,Tier 2,Supermarket Type2,17
11.09,Low Sugar,0.128,Snack Foods,90.68,High,Tier 2,Supermarket Type1,39
9.85,Low Sugar,0.121,Fruits and Vegetables,104.63,Small,Tier 3,Food Mart,28
17.13,Low Sugar,0.045,Breads,207.68,Medium,Tier 1,Departmental Store,27
10.21,Low Sugar,0.034,Dairy,124.16,High,Tier 2,Supermarket Type1,39
13.73,No Sugar,0.022,Household,155.08,Medium,Tier 2,Supermarket Type2,17
14.09,Low Sugar,0.021,Soft Drinks,79.15,High,Tier 2,Supermarket Type1,39
10.85,Low Sugar,0.151,Frozen Foods,167.37,Medium,Tier 2,Supermarket Type2,17
16.77,Low Sugar,0.007,Snack Foods,187.53,Medium,Tier 1,Departmental Store,27
13.61,Regular,0.139,Meat,168.22,High,Tier 2,Supermarket Type1,39
12.24,Low Sugar,0.037,Frozen Foods,155.81,Medium,Tier 2,Supermarket Type2,17
13.31,Low Sugar,0.012,Meat,193.19,High,Tier 2,Supermarket Type1,39
9.96,Low Sugar,0.029,Snack Foods,147.98,Medium,Tier 2,Supermarket Type2,17
12.28,Low Sugar,0.031,Snack Foods,172.48,Medium,Tier 2,Supermarket Type2,17
12.16,Low Sugar,0.017,Meat,123.61,Medium,Tier 2,Supermarket Type2,17
11.83,Low Sugar,0.023,Baking Goods,152.2,Medium,Tier 2,Supermarket Type2,17
13.32,Low Sugar,0.027,Fruits and Vegetables,167.54,High,Tier 2,Supermarket Type1,39
13.51,Low Sugar,0.033,Soft Drinks,165.08,High,Tier 2,Supermarket Type1,39
13.6,Low Sugar,0.021,Meat,155.14,Medium,Tier 2,Supermarket Type2,17
14.86,No Sugar,0.162,Health and Hygiene,151.92,High,Tier 2,Supermarket Type1,39
14.46,Regular,0.113,Canned,187.74,High,Tier 2,Supermarket Type1,39
19.01,Low Sugar,0.099,Snack Foods,181.17,Medium,Tier 1,Departmental Store,27
10.35,Low Sugar,0.044,Soft Drinks,121.94,High,Tier 2,Supermarket Type1,39
15.25,No Sugar,0.176,Household,152.71,High,Tier 2,Supermarket Type1,39
13.77,Low Sugar,0.037,Baking Goods,170.67,High,Tier 2,Supermarket Type1,39
10.63,No Sugar,0.14,Health and Hygiene,129.02,Medium,Tier 2,Supermarket Type2,17
10.47,Low Sugar,0.032,Canned,119.68,High,Tier 2,Supermarket Type1,39
10.73,Low Sugar,0.033,Soft Drinks,113.57,High,Tier 2,Supermarket Type1,39
8.88,Regular,0.061,Frozen Foods,127.76,Small,Tier 3,Food Mart,28
12.97,Regular,0.131,Fruits and Vegetables,174.0,High,Tier 2,Supermarket Type1,39
13.23,Low Sugar,0.061,Snack Foods,129.3,Medium,Tier 2,Supermarket Type2,17
16.49,Regular,0.031,Frozen Foods,155.06,Small,Tier 3,Food Mart,28
17.36,Low Sugar,0.085,Canned,147.81,High,Tier 2,Supermarket Type1,39
14.04,Regular,0.046,Snack Foods,176.28,Medium,Tier 1,Departmental Store,27
12.26,Low Sugar,0.191,Fruits and Vegetables,122.08,Medium,Tier 2,Supermarket Type2,17
13.76,Low Sugar,0.009,Fruits and Vegetables,134.24,Medium,Tier 2,Supermarket Type2,17
13.98,Low Sugar,0.017,Meat,156.46,Medium,Tier 2,Supermarket Type2,17
12.53,Low Sugar,0.039,Soft Drinks,155.82,Medium,Tier 2,Supermarket Type2,17
11.21,Regular,0.007,Snack Foods,107.6,High,Tier 2,Supermarket Type1,39
10.03,Low Sugar,0.027,Soft Drinks,120.4,High,Tier 2,Supermarket Type1,39
11.38,Regular,0.062,Soft Drinks,191.36,High,Tier 2,Supermarket Type1,39
13.32,Low Sugar,0.076,Fruits and Vegetables,175.0,High,Tier 2,Supermarket Type1,39
14.04,Regular,0.032,Fruits and Vegetables,189.78,Medium,Tier 1,Departmental Store,27
12.05,Low Sugar,0.037,Baking Goods,181.65,High,Tier 2,Supermarket Type1,39
10.76,Low Sugar,0.078,Soft Drinks,174.99,Medium,Tier 2,Supermarket Type2,17
14.65,Low Sugar,0.031,Frozen Foods,160.7,High,Tier 2,Supermarket Type1,39
11.11,Low Sugar,0.074,Fruits and Vegetables,126.6,Medium,Tier 2,Supermarket Type2,17
10.81,Regular,0.14,Meat,106.93,Small,Tier 3,Food Mart,28
13.62,No Sugar,0.021,Health and Hygiene,121.39,Medium,Tier 2,Supermarket Type2,17
12.44,Low Sugar,0.041,Dairy,175.32,Medium,Tier 2,Supermarket Type2,17
15.05,Low Sugar,0.057,Canned,113.28,Medium,Tier 2,Supermarket Type2,17
14.34,Low Sugar,0.177,Fruits and Vegetables,134.41,Medium,Tier 2,Supermarket Type2,17
6.61,Low Sugar,0.071,Hard Drinks,109.29,Small,Tier 3,Food Mart,28
10.16,No Sugar,0.103,Health and Hygiene,133.41,Medium,Tier 2,Supermarket Type2,17
14.48,Low Sugar,0.128,Canned,127.85,Medium,Tier 2,Supermarket Type2,17
13.07,Low Sugar,0.188,Fruits and Vegetables,123.16,Medium,Tier 2,Supermarket Type2,17
9.47,Low Sugar,0.149,Frozen Foods,100.97,Small,Tier 3,Food Mart,28
16.97,Regular,0.057,Baking Goods,155.79,High,Tier 2,Supermarket Type1,39
10.71,No Sugar,0.01,Household,141.84,Medium,Tier 2,Supermarket Type2,17
12.97,No Sugar,0.071,Household,171.6,High,Tier 2,Supermarket Type1,39
13.83,Low Sugar,0.072,Meat,183.21,Medium,Tier 1,Departmental Store,27
14.09,Low Sugar,0.064,Snack Foods,187.21,High,Tier 2,Supermarket Type1,39
13.86,Low Sugar,0.053,Canned,143.94,Medium,Tier 2,Supermarket Type2,17
13.2,Low Sugar,0.065,Snack Foods,115.26,Medium,Tier 2,Supermarket Type2,17
15.18,Low Sugar,0.094,Dairy,146.11,High,Tier 2,Supermarket Type1,39
15.94,Low Sugar,0.046,Frozen Foods,195.24,Medium,Tier 1,Departmental Store,27
11.38,Low Sugar,0.148,Fruits and Vegetables,146.4,Medium,Tier 2,Supermarket Type2,17
13.18,Low Sugar,0.119,Baking Goods,145.25,Medium,Tier 2,Supermarket Type2,17
10.84,Regular,0.034,Breakfast,77.26,Small,Tier 3,Food Mart,28
14.08,Low Sugar,0.097,Soft Drinks,129.55,Medium,Tier 2,Supermarket Type2,17
8.41,Regular,0.012,Fruits and Vegetables,134.61,Small,Tier 3,Food Mart,28
12.99,Low Sugar,0.083,Fruits and Vegetables,113.91,Medium,Tier 2,Supermarket Type2,17
9.29,No Sugar,0.174,Household,136.72,High,Tier 2,Supermarket Type1,39
15.15,Low Sugar,0.099,Breads,185.73,High,Tier 2,Supermarket Type1,39
12.24,No Sugar,0.061,Household,178.91,High,Tier 2,Supermarket Type1,39
10.38,Low Sugar,0.036,Fruits and Vegetables,116.66,High,Tier 2,Supermarket Type1,39
14.01,Low Sugar,0.141,Soft Drinks,193.58,High,Tier 2,Supermarket Type1,39
12.65,No Sugar,0.038,Household,137.61,Medium,Tier 2,Supermarket Type2,17
12.45,Regular,0.03,Snack Foods,137.85,Medium,Tier 2,Supermarket Type2,17
12.02,Low Sugar,0.049,Fruits and Vegetables,149.09,Medium,Tier 2,Supermarket Type2,17
12.06,Regular,0.017,Frozen Foods,139.54,Medium,Tier 2,Supermarket Type2,17
13.07,Low Sugar,0.167,Fruits and Vegetables,182.56,Medium,Tier 1,Departmental Store,27
13.15,Low Sugar,0.025,Soft Drinks,159.47,Medium,Tier 2,Supermarket Type2,17
13.76,Low Sugar,0.036,Fruits and Vegetables,145.03,Medium,Tier 2,Supermarket Type2,17
11.67,Regular,0.035,Fruits and Vegetables,140.95,Medium,Tier 2,Supermarket Type2,17
13.26,Low Sugar,0.093,Snack Foods,95.67,Medium,Tier 2,Supermarket Type2,17
12.72,Regular,0.068,Meat,134.18,Medium,Tier 2,Supermarket Type2,17
10.93,Low Sugar,0.089,Dairy,189.17,Medium,Tier 2,Supermarket Type2,17
11.16,Low Sugar,0.143,Snack Foods,174.91,Medium,Tier 2,Supermarket Type2,17
12.43,Regular,0.066,Baking Goods,165.24,Medium,Tier 2,Supermarket Type2,17
11.88,Low Sugar,0.01,Fruits and Vegetables,128.98,Medium,Tier 2,Supermarket Type2,17
7.67,Low Sugar,0.05,Canned,100.18,Small,Tier 3,Food Mart,28
13.42,reg,0.17,Frozen Foods,155.68,Medium,Tier 2,Supermarket Type2,17
15.65,Low Sugar,0.149,Snack Foods,175.07,High,Tier 2,Supermarket Type1,39
13.69,Regular,0.126,Baking Goods,163.53,High,Tier 2,Supermarket Type1,39
13.13,Regular,0.077,Soft Drinks,220.88,Medium,Tier 1,Departmental Store,27
12.63,Low Sugar,0.176,Canned,160.53,Medium,Tier 2,Supermarket Type2,17
13.66,Regular,0.035,Soft Drinks,122.04,Medium,Tier 2,Supermarket Type2,17
13.51,Low Sugar,0.123,Dairy,140.42,Medium,Tier 2,Supermarket Type2,17
11.12,No Sugar,0.054,Health and Hygiene,132.56,Medium,Tier 2,Supermarket Type2,17
10.45,Low Sugar,0.175,Meat,150.68,Medium,Tier 2,Supermarket Type2,17
10.54,Low Sugar,0.066,Canned,127.66,Medium,Tier 2,Supermarket Type2,17
12.14,Regular,0.023,Canned,120.46,Medium,Tier 2,Supermarket Type2,17
13.98,Low Sugar,0.029,Baking Goods,124.55,Medium,Tier 2,Supermarket Type2,17
12.61,Regular,0.102,Seafood,108.18,Medium,Tier 2,Supermarket Type2,17
15.78,Low Sugar,0.007,Meat,183.84,High,Tier 2,Supermarket Type1,39
9.35,Regular,0.034,Frozen Foods,115.31,Small,Tier 3,Food Mart,28
12.46,Low Sugar,0.039,Frozen Foods,153.41,Medium,Tier 2,Supermarket Type2,17
14.43,Low Sugar,0.115,Fruits and Vegetables,181.83,High,Tier 2,Supermarket Type1,39
10.76,Regular,0.018,Snack Foods,154.09,Medium,Tier 2,Supermarket Type2,17
9.53,Low Sugar,0.025,Snack Foods,95.43,Small,Tier 3,Food Mart,28
14.4,Low Sugar,0.025,Baking Goods,166.87,Medium,Tier 1,Departmental Store,27
12.59,No Sugar,0.026,Household,142.45,Medium,Tier 2,Supermarket Type2,17
15.73,Low Sugar,0.066,Snack Foods,182.77,High,Tier 2,Supermarket Type1,39
12.94,No Sugar,0.286,Household,194.75,Medium,Tier 1,Departmental Store,27
14.39,Low Sugar,0.041,Snack Foods,151.62,Medium,Tier 2,Supermarket Type2,17
12.16,Regular,0.092,Frozen Foods,115.92,Medium,Tier 2,Supermarket Type2,17
10.77,Low Sugar,0.036,Baking Goods,103.87,Small,Tier 3,Food Mart,28
8.59,Regular,0.061,Meat,118.84,Small,Tier 3,Food Mart,28
12.57,Low Sugar,0.085,Baking Goods,156.28,Medium,Tier 2,Supermarket Type2,17
14.65,No Sugar,0.122,Health and Hygiene,175.07,Medium,Tier 1,Departmental Store,27
12.43,Low Sugar,0.03,Fruits and Vegetables,137.89,Medium,Tier 2,Supermarket Type2,17
12.84,Low Sugar,0.066,Snack Foods,158.02,Medium,Tier 2,Supermarket Type2,17
16.48,Low Sugar,0.086,Frozen Foods,175.86,Medium,Tier 1,Departmental Store,27
10.14,Regular,0.027,Fruits and Vegetables,147.2,Medium,Tier 2,Supermarket Type2,17
14.03,Regular,0.048,Dairy,144.28,Medium,Tier 2,Supermarket Type2,17
9.87,Regular,0.06,Meat,162.34,Medium,Tier 2,Supermarket Type2,17
15.73,Low Sugar,0.102,Hard Drinks,132.78,Medium,Tier 2,Supermarket Type2,17
10.58,Low Sugar,0.032,Meat,115.12,High,Tier 2,Supermarket Type1,39
9.48,Low Sugar,0.027,Dairy,87.64,Small,Tier 3,Food Mart,28
14.14,reg,0.034,Frozen Foods,153.5,Medium,Tier 2,Supermarket Type2,17
14.48,Regular,0.032,Fruits and Vegetables,176.27,Medium,Tier 1,Departmental Store,27
12.95,Regular,0.119,Frozen Foods,168.02,Medium,Tier 2,Supermarket Type2,17
10.71,Low Sugar,0.128,Frozen Foods,120.38,High,Tier 2,Supermarket Type1,39
12.84,Low Sugar,0.031,Fruits and Vegetables,108.5,Medium,Tier 2,Supermarket Type2,17
8.23,Low Sugar,0.111,Canned,150.56,Medium,Tier 2,Supermarket Type2,17
10.67,Low Sugar,0.11,Fruits and Vegetables,142.82,Medium,Tier 2,Supermarket Type2,17
13.27,Regular,0.132,Dairy,120.71,Medium,Tier 2,Supermarket Type2,17
15.91,Low Sugar,0.067,Frozen Foods,150.05,Medium,Tier 1,Departmental Store,27
13.57,Regular,0.081,Meat,133.88,Medium,Tier 2,Supermarket Type2,17
11.88,Low Sugar,0.14,Baking Goods,165.99,Medium,Tier 2,Supermarket Type2,17
14.43,Regular,0.079,Baking Goods,161.34,High,Tier 2,Supermarket Type1,39
16.36,Low Sugar,0.011,Canned,160.12,High,Tier 2,Supermarket Type1,39
14.22,No Sugar,0.098,Health and Hygiene,129.29,Medium,Tier 2,Supermarket Type2,17
13.24,Regular,0.071,Baking Goods,159.6,Medium,Tier 2,Supermarket Type2,17
13.0,Regular,0.128,Fruits and Vegetables,160.02,Medium,Tier 2,Supermarket Type2,17
14.87,Low Sugar,0.185,Fruits and Vegetables,126.36,Medium,Tier 2,Supermarket Type2,17
11.26,No Sugar,0.047,Household,133.02,Medium,Tier 2,Supermarket Type2,17
14.17,Low Sugar,0.074,Fruits and Vegetables,155.33,Medium,Tier 2,Supermarket Type2,17
7.3,Regular,0.033,Canned,133.38,Small,Tier 3,Food Mart,28
13.09,Low Sugar,0.143,Frozen Foods,135.76,Medium,Tier 2,Supermarket Type2,17
12.13,Low Sugar,0.038,Meat,137.0,Medium,Tier 2,Supermarket Type2,17
13.51,No Sugar,0.022,Health and Hygiene,170.11,High,Tier 2,Supermarket Type1,39
11.29,Low Sugar,0.028,Frozen Foods,147.07,Medium,Tier 2,Supermarket Type2,17
13.98,No Sugar,0.025,Household,143.1,Medium,Tier 2,Supermarket Type2,17
14.44,Low Sugar,0.077,Snack Foods,161.24,High,Tier 2,Supermarket Type1,39
10.36,Low Sugar,0.021,Baking Goods,139.05,Medium,Tier 2,Supermarket Type2,17
9.2,Low Sugar,0.021,Frozen Foods,167.83,Medium,Tier 2,Supermarket Type2,17
9.2,Low Sugar,0.033,Hard Drinks,119.43,Small,Tier 3,Food Mart,28
11.76,Low Sugar,0.021,Snack Foods,158.84,Medium,Tier 2,Supermarket Type2,17
11.27,Low Sugar,0.082,Fruits and Vegetables,125.62,Medium,Tier 2,Supermarket Type2,17
11.54,Regular,0.035,Seafood,152.03,Medium,Tier 2,Supermarket Type2,17
15.24,Low Sugar,0.059,Baking Goods,141.0,Medium,Tier 2,Supermarket Type2,17
15.78,Regular,0.121,Fruits and Vegetables,212.3,Medium,Tier 1,Departmental Store,27
10.91,Low Sugar,0.05,Frozen Foods,129.6,Medium,Tier 2,Supermarket Type2,17
10.04,Low Sugar,0.053,Hard Drinks,116.84,Small,Tier 3,Food Mart,28
15.32,Low Sugar,0.09,Breakfast,146.0,High,Tier 2,Supermarket Type1,39
14.92,Regular,0.12,Meat,174.81,High,Tier 2,Supermarket Type1,39
11.95,Regular,0.033,Frozen Foods,103.91,Medium,Tier 1,Departmental Store,27
11.53,Low Sugar,0.056,Fruits and Vegetables,126.87,Medium,Tier 2,Supermarket Type2,17
16.08,Low Sugar,0.232,Soft Drinks,205.12,Medium,Tier 1,Departmental Store,27
11.64,Low Sugar,0.211,Canned,139.59,Medium,Tier 2,Supermarket Type2,17
10.16,No Sugar,0.021,Household,107.56,Small,Tier 3,Food Mart,28
11.3,Low Sugar,0.015,Canned,114.98,High,Tier 2,Supermarket Type1,39
11.48,No Sugar,0.099,Others,122.62,Medium,Tier 2,Supermarket Type2,17
15.49,Low Sugar,0.04,Meat,216.04,Medium,Tier 1,Departmental Store,27
16.76,Low Sugar,0.08,Snack Foods,155.36,High,Tier 2,Supermarket Type1,39
16.22,reg,0.038,Canned,138.84,High,Tier 2,Supermarket Type1,39
11.61,Low Sugar,0.069,Snack Foods,135.73,Medium,Tier 2,Supermarket Type2,17
11.96,Regular,0.108,Snack Foods,134.84,Medium,Tier 2,Supermarket Type2,17
12.27,Regular,0.064,Snack Foods,195.1,Medium,Tier 1,Departmental Store,27
12.45,No Sugar,0.046,Health and Hygiene,164.01,Medium,Tier 2,Supermarket Type2,17
13.36,Low Sugar,0.067,Snack Foods,124.34,Medium,Tier 2,Supermarket Type2,17
14.22,Low Sugar,0.077,Baking Goods,148.2,Medium,Tier 2,Supermarket Type2,17
13.99,Low Sugar,0.058,Fruits and Vegetables,122.83,Medium,Tier 2,Supermarket Type2,17
8.93,Low Sugar,0.038,Frozen Foods,97.79,Small,Tier 3,Food Mart,28
14.19,Low Sugar,0.093,Soft Drinks,198.31,High,Tier 2,Supermarket Type1,39
12.68,Regular,0.038,Baking Goods,185.23,Medium,Tier 1,Departmental Store,27
13.97,Regular,0.036,Dairy,121.44,Medium,Tier 2,Supermarket Type2,17
13.64,No Sugar,0.017,Household,213.35,Medium,Tier 1,Departmental Store,27
10.69,Regular,0.054,Dairy,132.9,Medium,Tier 2,Supermarket Type2,17
12.65,Low Sugar,0.04,Frozen Foods,124.33,Medium,Tier 2,Supermarket Type2,17
11.82,Regular,0.186,Dairy,109.6,High,Tier 2,Supermarket Type1,39
10.44,Low Sugar,0.023,Meat,145.83,Medium,Tier 2,Supermarket Type2,17
11.65,Regular,0.067,Fruits and Vegetables,153.86,Medium,Tier 2,Supermarket Type2,17
7.98,Low Sugar,0.074,Dairy,82.52,Small,Tier 3,Food Mart,28
10.03,Low Sugar,0.137,Dairy,150.09,Medium,Tier 2,Supermarket Type2,17
14.34,Low Sugar,0.104,Fruits and Vegetables,127.5,Medium,Tier 2,Supermarket Type2,17
10.32,Regular,0.034,Soft Drinks,127.13,Medium,Tier 2,Supermarket Type2,17
15.71,Low Sugar,0.043,Baking Goods,179.38,Small,Tier 3,Food Mart,28
12.71,No Sugar,0.022,Household,178.46,High,Tier 2,Supermarket Type1,39
12.28,Low Sugar,0.083,Dairy,194.11,Medium,Tier 1,Departmental Store,27
13.54,Low Sugar,0.085,Meat,173.14,High,Tier 2,Supermarket Type1,39
11.34,Low Sugar,0.074,Fruits and Vegetables,119.84,Medium,Tier 2,Supermarket Type2,17
14.8,No Sugar,0.016,Health and Hygiene,140.53,Medium,Tier 2,Supermarket Type2,17
9.58,Low Sugar,0.039,Snack Foods,78.71,Small,Tier 3,Food Mart,28
13.82,Low Sugar,0.066,Fruits and Vegetables,94.37,Medium,Tier 1,Departmental Store,27
12.21,No Sugar,0.042,Health and Hygiene,147.73,Small,Tier 3,Food Mart,28
10.05,reg,0.046,Baking Goods,121.49,High,Tier 2,Supermarket Type1,39
11.14,Low Sugar,0.01,Fruits and Vegetables,145.88,Medium,Tier 2,Supermarket Type2,17
9.18,Regular,0.024,Fruits and Vegetables,104.44,Small,Tier 3,Food Mart,28
14.26,Low Sugar,0.115,Baking Goods,160.09,High,Tier 2,Supermarket Type1,39
15.76,Low Sugar,0.015,Canned,141.45,High,Tier 2,Supermarket Type1,39
13.12,Regular,0.068,Dairy,184.93,Medium,Tier 1,Departmental Store,27
12.95,Regular,0.035,Meat,179.87,High,Tier 2,Supermarket Type1,39
14.57,Low Sugar,0.138,Fruits and Vegetables,147.77,Medium,Tier 2,Supermarket Type2,17
16.18,Low Sugar,0.022,Frozen Foods,197.04,Medium,Tier 1,Departmental Store,27
13.16,Regular,0.024,Meat,171.08,High,Tier 2,Supermarket Type1,39
11.32,Regular,0.163,Breads,157.13,Medium,Tier 2,Supermarket Type2,17
9.1,Low Sugar,0.12,Frozen Foods,77.12,Small,Tier 3,Food Mart,28
8.57,Regular,0.064,Snack Foods,81.53,Small,Tier 3,Food Mart,28
12.95,No Sugar,0.052,Health and Hygiene,156.13,Medium,Tier 2,Supermarket Type2,17
8.15,Low Sugar,0.024,Baking Goods,88.98,Small,Tier 3,Food Mart,28
11.27,Regular,0.061,Frozen Foods,124.65,Medium,Tier 2,Supermarket Type2,17
10.71,Low Sugar,0.108,Fruits and Vegetables,147.38,Medium,Tier 2,Supermarket Type2,17
14.46,Regular,0.044,Baking Goods,95.67,Medium,Tier 2,Supermarket Type2,17
8.31,Regular,0.092,Baking Goods,116.09,Small,Tier 3,Food Mart,28
12.64,No Sugar,0.024,Health and Hygiene,180.87,High,Tier 2,Supermarket Type1,39
14.43,Low Sugar,0.075,Snack Foods,142.59,Medium,Tier 2,Supermarket Type2,17
12.5,Low Sugar,0.066,Fruits and Vegetables,120.18,Medium,Tier 2,Supermarket Type2,17
12.36,No Sugar,0.098,Household,102.01,High,Tier 2,Supermarket Type1,39
12.63,Regular,0.109,Fruits and Vegetables,102.16,Medium,Tier 2,Supermarket Type2,17
7.06,Low Sugar,0.167,Meat,52.62,Small,Tier 3,Food Mart,28
17.24,Low Sugar,0.067,Frozen Foods,188.7,Medium,Tier 1,Departmental Store,27
15.89,No Sugar,0.091,Household,215.83,Medium,Tier 1,Departmental Store,27
10.56,Regular,0.043,Seafood,121.36,High,Tier 2,Supermarket Type1,39
12.78,Low Sugar,0.065,Fruits and Vegetables,194.5,Medium,Tier 1,Departmental Store,27
15.51,Low Sugar,0.013,Snack Foods,176.89,High,Tier 2,Supermarket Type1,39
12.23,Low Sugar,0.184,Dairy,138.03,Medium,Tier 2,Supermarket Type2,17
13.11,Low Sugar,0.075,Snack Foods,170.56,High,Tier 2,Supermarket Type1,39
11.49,Low Sugar,0.034,Snack Foods,140.41,Medium,Tier 2,Supermarket Type2,17
16.46,No Sugar,0.073,Health and Hygiene,126.51,Medium,Tier 2,Supermarket Type2,17
15.16,Regular,0.14,Soft Drinks,222.5,Medium,Tier 1,Departmental Store,27
10.63,Low Sugar,0.027,Dairy,121.9,High,Tier 2,Supermarket Type1,39
16.21,Low Sugar,0.107,Meat,186.36,Medium,Tier 1,Departmental Store,27
13.38,Low Sugar,0.016,Soft Drinks,156.4,Medium,Tier 2,Supermarket Type2,17
15.73,Low Sugar,0.016,Frozen Foods,154.08,Medium,Tier 1,Departmental Store,27
11.2,Low Sugar,0.057,Snack Foods,164.77,Medium,Tier 2,Supermarket Type2,17
11.41,Low Sugar,0.076,Fruits and Vegetables,144.24,Medium,Tier 2,Supermarket Type2,17
11.52,Low Sugar,0.127,Frozen Foods,165.78,Medium,Tier 2,Supermarket Type2,17
10.94,Low Sugar,0.027,Dairy,73.73,Small,Tier 3,Food Mart,28
12.7,Low Sugar,0.035,Fruits and Vegetables,179.62,High,Tier 2,Supermarket Type1,39
12.68,Regular,0.061,Dairy,154.4,Medium,Tier 2,Supermarket Type2,17
13.8,Low Sugar,0.021,Canned,130.88,Medium,Tier 2,Supermarket Type2,17
13.03,Low Sugar,0.041,Canned,141.02,Medium,Tier 2,Supermarket Type2,17
13.1,Low Sugar,0.16,Snack Foods,139.51,Medium,Tier 2,Supermarket Type2,17
11.12,Regular,0.094,Fruits and Vegetables,147.65,Medium,Tier 2,Supermarket Type2,17
9.08,Low Sugar,0.054,Dairy,145.76,Medium,Tier 2,Supermarket Type2,17
14.87,Regular,0.097,Soft Drinks,151.69,High,Tier 2,Supermarket Type1,39
15.96,No Sugar,0.076,Household,211.49,Medium,Tier 1,Departmental Store,27
13.42,Low Sugar,0.076,Baking Goods,177.88,Medium,Tier 1,Departmental Store,27
13.67,Low Sugar,0.046,Soft Drinks,165.23,High,Tier 2,Supermarket Type1,39
11.5,Low Sugar,0.025,Baking Goods,134.27,Medium,Tier 2,Supermarket Type2,17
9.39,Low Sugar,0.025,Canned,99.3,Small,Tier 3,Food Mart,28
10.66,Regular,0.025,Snack Foods,130.46,Medium,Tier 2,Supermarket Type2,17
9.19,No Sugar,0.009,Health and Hygiene,135.05,High,Tier 2,Supermarket Type1,39
13.04,Low Sugar,0.142,Dairy,163.19,Medium,Tier 2,Supermarket Type2,17
13.06,Low Sugar,0.009,Snack Foods,156.35,Medium,Tier 2,Supermarket Type2,17
14.48,Low Sugar,0.173,Soft Drinks,172.2,Medium,Tier 1,Departmental Store,27
12.17,Low Sugar,0.041,Soft Drinks,118.81,Medium,Tier 2,Supermarket Type2,17
11.2,Low Sugar,0.026,Baking Goods,136.41,Medium,Tier 2,Supermarket Type2,17
15.34,Low Sugar,0.035,Baking Goods,161.43,Medium,Tier 1,Departmental Store,27
14.22,Low Sugar,0.038,Dairy,136.71,Medium,Tier 2,Supermarket Type2,17
13.69,No Sugar,0.015,Health and Hygiene,148.21,Medium,Tier 2,Supermarket Type2,17
13.23,Low Sugar,0.075,Dairy,174.43,High,Tier 2,Supermarket Type1,39
11.95,Regular,0.031,Meat,145.9,Medium,Tier 2,Supermarket Type2,17
15.22,Regular,0.041,Frozen Foods,139.36,Medium,Tier 2,Supermarket Type2,17
15.56,Low Sugar,0.01,Frozen Foods,129.09,Medium,Tier 2,Supermarket Type2,17
10.07,Low Sugar,0.081,Starchy Foods,100.23,Small,Tier 3,Food Mart,28
8.32,No Sugar,0.233,Health and Hygiene,128.89,Small,Tier 3,Food Mart,28
13.17,Regular,0.048,Snack Foods,137.37,Medium,Tier 2,Supermarket Type2,17
10.72,No Sugar,0.011,Health and Hygiene,118.86,Small,Tier 3,Food Mart,28
14.38,No Sugar,0.099,Health and Hygiene,126.76,Medium,Tier 2,Supermarket Type2,17
17.55,Low Sugar,0.039,Snack Foods,215.03,Medium,Tier 1,Departmental Store,27
16.4,No Sugar,0.033,Household,189.01,Medium,Tier 1,Departmental Store,27
12.24,Regular,0.051,Canned,177.75,Medium,Tier 2,Supermarket Type2,17
11.08,Low Sugar,0.133,Snack Foods,138.45,Medium,Tier 2,Supermarket Type2,17
14.93,Low Sugar,0.023,Meat,86.84,Medium,Tier 2,Supermarket Type2,17
13.24,Regular,0.03,Starchy Foods,184.25,Medium,Tier 1,Departmental Store,27
14.43,Low Sugar,0.128,Frozen Foods,151.94,Medium,Tier 2,Supermarket Type2,17
11.48,Regular,0.146,Fruits and Vegetables,152.79,Medium,Tier 2,Supermarket Type2,17
12.6,Low Sugar,0.042,Dairy,143.1,Medium,Tier 2,Supermarket Type2,17
12.92,No Sugar,0.139,Health and Hygiene,165.21,Medium,Tier 2,Supermarket Type2,17
12.09,Regular,0.077,Dairy,168.17,Medium,Tier 2,Supermarket Type2,17
14.43,Low Sugar,0.106,Fruits and Vegetables,172.82,Medium,Tier 1,Departmental Store,27
14.73,No Sugar,0.031,Household,194.18,High,Tier 2,Supermarket Type1,39
13.88,Regular,0.017,Starchy Foods,156.09,Medium,Tier 2,Supermarket Type2,17
9.44,No Sugar,0.09,Health and Hygiene,138.93,Medium,Tier 2,Supermarket Type2,17
15.88,Low Sugar,0.082,Canned,175.63,High,Tier 2,Supermarket Type1,39
13.68,No Sugar,0.071,Household,166.14,High,Tier 2,Supermarket Type1,39
12.34,Low Sugar,0.04,Frozen Foods,145.92,Medium,Tier 2,Supermarket Type2,17
12.12,Low Sugar,0.095,Breakfast,161.24,Medium,Tier 2,Supermarket Type2,17
8.09,Low Sugar,0.034,Snack Foods,107.18,Small,Tier 3,Food Mart,28
14.21,Regular,0.111,Fruits and Vegetables,127.66,Medium,Tier 2,Supermarket Type2,17
15.89,No Sugar,0.091,Health and Hygiene,153.77,Medium,Tier 1,Departmental Store,27
13.95,Low Sugar,0.027,Dairy,179.69,Medium,Tier 1,Departmental Store,27
12.26,Low Sugar,0.079,Canned,103.41,High,Tier 2,Supermarket Type1,39
13.48,Regular,0.018,Frozen Foods,135.07,Medium,Tier 2,Supermarket Type2,17
7.98,Low Sugar,0.097,Meat,95.02,Small,Tier 3,Food Mart,28
13.94,Regular,0.074,Canned,103.4,Medium,Tier 2,Supermarket Type2,17
13.56,Low Sugar,0.082,Frozen Foods,134.15,Medium,Tier 2,Supermarket Type2,17
13.39,No Sugar,0.056,Household,151.59,Medium,Tier 2,Supermarket Type2,17
13.26,Low Sugar,0.023,Dairy,171.35,High,Tier 2,Supermarket Type1,39
13.97,Regular,0.104,Snack Foods,147.5,Medium,Tier 2,Supermarket Type2,17
11.14,Low Sugar,0.076,Starchy Foods,102.47,Small,Tier 3,Food Mart,28
10.97,Low Sugar,0.02,Fruits and Vegetables,127.49,Medium,Tier 2,Supermarket Type2,17
18.25,Low Sugar,0.041,Breads,161.68,Medium,Tier 1,Departmental Store,27
12.34,Low Sugar,0.01,Fruits and Vegetables,134.28,Medium,Tier 2,Supermarket Type2,17
11.58,Low Sugar,0.025,Fruits and Vegetables,125.72,Medium,Tier 2,Supermarket Type2,17
13.65,Regular,0.151,Frozen Foods,142.14,Medium,Tier 2,Supermarket Type2,17
13.1,Low Sugar,0.085,Fruits and Vegetables,219.68,Medium,Tier 1,Departmental Store,27
15.74,Low Sugar,0.036,Baking Goods,160.1,Medium,Tier 1,Departmental Store,27
15.76,Regular,0.042,Breads,239.66,Medium,Tier 1,Departmental Store,27
9.97,Low Sugar,0.039,Snack Foods,88.1,Small,Tier 3,Food Mart,28
9.81,Low Sugar,0.086,Starchy Foods,131.38,High,Tier 2,Supermarket Type1,39
11.22,Low Sugar,0.064,Fruits and Vegetables,173.61,Medium,Tier 2,Supermarket Type2,17
12.54,Low Sugar,0.014,Dairy,140.12,Medium,Tier 2,Supermarket Type2,17
16.16,Low Sugar,0.029,Snack Foods,120.95,Medium,Tier 2,Supermarket Type2,17
10.77,Low Sugar,0.035,Snack Foods,115.23,High,Tier 2,Supermarket Type1,39
11.85,Low Sugar,0.073,Baking Goods,135.85,Medium,Tier 2,Supermarket Type2,17
10.25,No Sugar,0.157,Household,126.38,High,Tier 2,Supermarket Type1,39
11.55,Low Sugar,0.017,Meat,129.91,Medium,Tier 2,Supermarket Type2,17
13.3,Regular,0.053,Snack Foods,161.25,Medium,Tier 2,Supermarket Type2,17
9.64,Regular,0.039,Snack Foods,104.87,Small,Tier 3,Food Mart,28
13.18,Regular,0.048,Canned,163.39,Medium,Tier 2,Supermarket Type2,17
15.15,Low Sugar,0.066,Snack Foods,196.83,High,Tier 2,Supermarket Type1,39
17.53,Low Sugar,0.08,Dairy,160.16,Medium,Tier 1,Departmental Store,27
17.81,No Sugar,0.01,Health and Hygiene,228.56,Medium,Tier 1,Departmental Store,27
7.25,Regular,0.009,Snack Foods,145.16,Small,Tier 3,Food Mart,28
13.92,Low Sugar,0.038,Fruits and Vegetables,145.91,Medium,Tier 2,Supermarket Type2,17
13.23,Low Sugar,0.071,Snack Foods,170.82,High,Tier 2,Supermarket Type1,39
12.26,No Sugar,0.094,Health and Hygiene,157.71,Medium,Tier 2,Supermarket Type2,17
11.49,Low Sugar,0.035,Soft Drinks,129.17,Medium,Tier 2,Supermarket Type2,17
14.42,No Sugar,0.049,Household,141.39,Medium,Tier 2,Supermarket Type2,17
8.46,No Sugar,0.127,Household,122.55,Small,Tier 3,Food Mart,28
10.09,Low Sugar,0.071,Fruits and Vegetables,156.72,Medium,Tier 2,Supermarket Type2,17
16.38,Low Sugar,0.058,Fruits and Vegetables,177.66,Medium,Tier 1,Departmental Store,27
14.31,Regular,0.031,Snack Foods,140.49,Medium,Tier 2,Supermarket Type2,17
14.9,Regular,0.168,Frozen Foods,200.9,Medium,Tier 1,Departmental Store,27
6.3,Low Sugar,0.142,Canned,85.24,Small,Tier 3,Food Mart,28
13.72,No Sugar,0.031,Household,160.86,Medium,Tier 2,Supermarket Type2,17
9.84,Regular,0.021,Dairy,106.54,Small,Tier 3,Food Mart,28
11.04,Low Sugar,0.019,Canned,99.51,Small,Tier 3,Food Mart,28
11.17,Regular,0.031,Soft Drinks,128.6,Medium,Tier 2,Supermarket Type2,17
13.64,No Sugar,0.118,Household,136.94,Medium,Tier 2,Supermarket Type2,17
8.87,Low Sugar,0.014,Fruits and Vegetables,161.19,Medium,Tier 2,Supermarket Type2,17
11.05,No Sugar,0.128,Health and Hygiene,120.71,Medium,Tier 2,Supermarket Type2,17
9.13,Low Sugar,0.113,Dairy,114.59,Small,Tier 3,Food Mart,28
10.61,Low Sugar,0.124,Fruits and Vegetables,152.67,Medium,Tier 2,Supermarket Type2,17
11.51,Regular,0.05,Canned,133.21,Medium,Tier 2,Supermarket Type2,17
9.36,Regular,0.025,Frozen Foods,148.15,Medium,Tier 2,Supermarket Type2,17
9.58,Regular,0.011,Canned,143.94,Medium,Tier 2,Supermarket Type2,17
15.45,Regular,0.06,Meat,155.79,Medium,Tier 1,Departmental Store,27
9.05,Regular,0.018,Baking Goods,191.98,Medium,Tier 2,Supermarket Type2,17
14.93,No Sugar,0.103,Household,114.81,Medium,Tier 2,Supermarket Type2,17
12.51,Regular,0.021,Fruits and Vegetables,163.98,Medium,Tier 2,Supermarket Type2,17
15.74,Regular,0.092,Fruits and Vegetables,138.21,Medium,Tier 2,Supermarket Type2,17
14.6,Regular,0.124,Baking Goods,178.76,High,Tier 2,Supermarket Type1,39
15.09,Low Sugar,0.162,Fruits and Vegetables,140.83,Medium,Tier 2,Supermarket Type2,17
12.35,No Sugar,0.039,Household,166.19,Medium,Tier 2,Supermarket Type2,17
12.23,No Sugar,0.015,Health and Hygiene,164.91,Medium,Tier 2,Supermarket Type2,17
13.63,No Sugar,0.06,Household,156.45,Medium,Tier 2,Supermarket Type2,17
18.76,Regular,0.028,Meat,180.76,Medium,Tier 1,Departmental Store,27
13.05,Low Sugar,0.04,Fruits and Vegetables,103.08,Medium,Tier 2,Supermarket Type2,17
14.69,Regular,0.038,Fruits and Vegetables,188.15,High,Tier 2,Supermarket Type1,39
14.64,Low Sugar,0.053,Dairy,152.11,High,Tier 2,Supermarket Type1,39
13.57,No Sugar,0.123,Household,157.0,Medium,Tier 2,Supermarket Type2,17
11.9,Regular,0.076,Fruits and Vegetables,136.6,Medium,Tier 2,Supermarket Type2,17
15.59,Low Sugar,0.108,Fruits and Vegetables,156.67,Medium,Tier 1,Departmental Store,27
7.97,Regular,0.025,Dairy,125.26,Small,Tier 3,Food Mart,28
12.98,Regular,0.043,Breakfast,137.31,Medium,Tier 2,Supermarket Type2,17
11.48,Low Sugar,0.049,Canned,87.21,Medium,Tier 1,Departmental Store,27
12.98,Low Sugar,0.046,Baking Goods,110.57,Medium,Tier 2,Supermarket Type2,17
14.65,Low Sugar,0.013,Soft Drinks,168.93,Medium,Tier 1,Departmental Store,27
12.17,Low Sugar,0.158,Snack Foods,112.14,Medium,Tier 2,Supermarket Type2,17
12.11,Regular,0.282,Frozen Foods,125.13,Medium,Tier 2,Supermarket Type2,17
11.86,No Sugar,0.158,Household,129.18,Medium,Tier 2,Supermarket Type2,17
13.48,Low Sugar,0.056,Snack Foods,136.01,Medium,Tier 2,Supermarket Type2,17
5.13,Low Sugar,0.066,Canned,137.69,Small,Tier 3,Food Mart,28
11.82,Regular,0.047,Meat,76.55,Small,Tier 3,Food Mart,28
14.96,Low Sugar,0.034,Dairy,159.93,Medium,Tier 1,Departmental Store,27
15.99,Regular,0.089,Snack Foods,211.19,Medium,Tier 1,Departmental Store,27
14.14,Low Sugar,0.052,Dairy,173.78,Medium,Tier 1,Departmental Store,27
15.15,Regular,0.065,Baking Goods,213.31,Medium,Tier 1,Departmental Store,27
15.78,Low Sugar,0.024,Fruits and Vegetables,176.85,High,Tier 2,Supermarket Type1,39
8.82,Low Sugar,0.077,Dairy,88.15,Small,Tier 3,Food Mart,28
13.79,Regular,0.034,Soft Drinks,134.71,Medium,Tier 2,Supermarket Type2,17
15.37,No Sugar,0.118,Health and Hygiene,194.52,Medium,Tier 1,Departmental Store,27
9.99,Low Sugar,0.007,Frozen Foods,137.08,Medium,Tier 2,Supermarket Type2,17
15.64,Low Sugar,0.223,Dairy,154.17,Medium,Tier 1,Departmental Store,27
13.37,No Sugar,0.026,Others,147.36,Medium,Tier 2,Supermarket Type2,17
8.26,Regular,0.063,Baking Goods,86.98,Small,Tier 3,Food Mart,28
15.15,Regular,0.035,Baking Goods,149.24,High,Tier 2,Supermarket Type1,39
15.95,Regular,0.085,Baking Goods,198.93,Medium,Tier 1,Departmental Store,27
8.95,Low Sugar,0.056,Snack Foods,128.82,Small,Tier 3,Food Mart,28
10.37,No Sugar,0.113,Household,89.66,High,Tier 2,Supermarket Type1,39
13.99,Low Sugar,0.036,Soft Drinks,129.5,Medium,Tier 2,Supermarket Type2,17
14.47,Regular,0.01,Fruits and Vegetables,145.65,Medium,Tier 2,Supermarket Type2,17
12.91,Low Sugar,0.023,Snack Foods,176.48,High,Tier 2,Supermarket Type1,39
11.85,Low Sugar,0.095,Baking Goods,168.44,Medium,Tier 2,Supermarket Type2,17
10.91,Low Sugar,0.021,Frozen Foods,224.28,High,Tier 2,Supermarket Type1,39
12.32,No Sugar,0.042,Health and Hygiene,138.03,Medium,Tier 2,Supermarket Type2,17
9.99,Regular,0.052,Soft Drinks,130.19,Medium,Tier 2,Supermarket Type2,17
8.8,No Sugar,0.141,Health and Hygiene,98.38,Small,Tier 3,Food Mart,28
15.34,Low Sugar,0.057,Snack Foods,172.37,High,Tier 2,Supermarket Type1,39
15.74,Low Sugar,0.178,Frozen Foods,174.62,High,Tier 2,Supermarket Type1,39
11.33,No Sugar,0.177,Health and Hygiene,103.49,Small,Tier 3,Food Mart,28
11.16,Low Sugar,0.041,Fruits and Vegetables,127.11,Medium,Tier 2,Supermarket Type2,17
11.21,Low Sugar,0.048,Fruits and Vegetables,166.96,Medium,Tier 2,Supermarket Type2,17
9.88,Low Sugar,0.051,Fruits and Vegetables,123.76,High,Tier 2,Supermarket Type1,39
11.01,Low Sugar,0.044,Fruits and Vegetables,131.12,Medium,Tier 2,Supermarket Type2,17
16.43,Low Sugar,0.086,Frozen Foods,153.73,Medium,Tier 1,Departmental Store,27
20.3,Low Sugar,0.081,Snack Foods,234.78,Medium,Tier 1,Departmental Store,27
13.53,Regular,0.041,Soft Drinks,171.77,High,Tier 2,Supermarket Type1,39
12.24,Regular,0.024,Snack Foods,173.79,Medium,Tier 2,Supermarket Type2,17
11.78,Regular,0.022,Hard Drinks,117.13,Medium,Tier 2,Supermarket Type2,17
10.26,Low Sugar,0.038,Fruits and Vegetables,116.88,Small,Tier 3,Food Mart,28
12.2,Low Sugar,0.04,Snack Foods,101.93,High,Tier 2,Supermarket Type1,39
13.23,Regular,0.162,Fruits and Vegetables,174.14,High,Tier 2,Supermarket Type1,39
11.83,Low Sugar,0.05,Canned,141.05,Medium,Tier 2,Supermarket Type2,17
14.39,No Sugar,0.074,Household,83.04,Medium,Tier 2,Supermarket Type2,17
15.68,Regular,0.05,Snack Foods,167.02,High,Tier 2,Supermarket Type1,39
15.43,Low Sugar,0.196,Starchy Foods,179.02,High,Tier 2,Supermarket Type1,39
10.77,Regular,0.066,Baking Goods,114.34,High,Tier 2,Supermarket Type1,39
12.92,Low Sugar,0.092,Canned,165.69,Medium,Tier 2,Supermarket Type2,17
11.85,Low Sugar,0.076,Fruits and Vegetables,109.2,High,Tier 2,Supermarket Type1,39
10.06,Low Sugar,0.057,Breads,117.24,Small,Tier 3,Food Mart,28
12.81,Regular,0.081,Meat,131.05,Medium,Tier 2,Supermarket Type2,17
18.95,Low Sugar,0.057,Dairy,165.98,Medium,Tier 1,Departmental Store,27
14.49,Low Sugar,0.061,Soft Drinks,161.24,High,Tier 2,Supermarket Type1,39
12.38,Low Sugar,0.046,Snack Foods,176.58,Medium,Tier 2,Supermarket Type2,17
11.95,Regular,0.093,Baking Goods,176.36,Medium,Tier 2,Supermarket Type2,17
10.79,No Sugar,0.049,Health and Hygiene,109.32,Small,Tier 3,Food Mart,28
12.41,Low Sugar,0.063,Baking Goods,188.88,Medium,Tier 1,Departmental Store,27
13.3,Regular,0.106,Snack Foods,138.88,Medium,Tier 2,Supermarket Type2,17
12.9,No Sugar,0.076,Household,111.51,Medium,Tier 2,Supermarket Type2,17
15.93,Low Sugar,0.106,Snack Foods,184.84,Medium,Tier 1,Departmental Store,27
9.72,Low Sugar,0.075,Fruits and Vegetables,107.95,Small,Tier 3,Food Mart,28
14.2,Low Sugar,0.049,Soft Drinks,149.21,Medium,Tier 2,Supermarket Type2,17
12.56,Regular,0.019,Canned,185.11,Medium,Tier 1,Departmental Store,27
9.41,Low Sugar,0.055,Snack Foods,139.67,Medium,Tier 2,Supermarket Type2,17
11.17,Low Sugar,0.021,Baking Goods,139.06,Medium,Tier 2,Supermarket Type2,17
13.87,Low Sugar,0.115,Snack Foods,157.91,Medium,Tier 2,Supermarket Type2,17
17.39,Low Sugar,0.034,Fruits and Vegetables,170.91,Medium,Tier 1,Departmental Store,27
11.41,Low Sugar,0.029,Fruits and Vegetables,140.3,Medium,Tier 2,Supermarket Type2,17
12.69,Regular,0.049,Starchy Foods,167.51,Medium,Tier 2,Supermarket Type2,17
12.17,Low Sugar,0.155,Frozen Foods,123.8,Medium,Tier 2,Supermarket Type2,17
10.15,Low Sugar,0.108,Baking Goods,131.3,Medium,Tier 2,Supermarket Type2,17
14.47,Regular,0.147,Fruits and Vegetables,138.57,Medium,Tier 2,Supermarket Type2,17
13.04,Low Sugar,0.07,Fruits and Vegetables,166.3,Medium,Tier 2,Supermarket Type2,17
12.52,Low Sugar,0.042,Fruits and Vegetables,115.53,Medium,Tier 2,Supermarket Type2,17
11.38,Low Sugar,0.025,Fruits and Vegetables,136.82,Medium,Tier 2,Supermarket Type2,17
17.01,Low Sugar,0.104,Soft Drinks,174.86,Medium,Tier 1,Departmental Store,27
12.12,Regular,0.024,Frozen Foods,153.24,Medium,Tier 2,Supermarket Type2,17
14.13,Low Sugar,0.022,Baking Goods,144.2,Medium,Tier 2,Supermarket Type2,17
10.45,Low Sugar,0.058,Baking Goods,138.45,Medium,Tier 2,Supermarket Type2,17
12.9,Low Sugar,0.12,Canned,124.03,Medium,Tier 2,Supermarket Type2,17
13.17,Low Sugar,0.085,Snack Foods,147.32,Medium,Tier 2,Supermarket Type2,17
14.27,Regular,0.216,Meat,183.87,High,Tier 2,Supermarket Type1,39
15.12,Low Sugar,0.143,Fruits and Vegetables,132.98,Medium,Tier 2,Supermarket Type2,17
12.52,Low Sugar,0.128,Snack Foods,136.44,Medium,Tier 2,Supermarket Type2,17
13.68,Regular,0.02,Snack Foods,145.72,Medium,Tier 2,Supermarket Type2,17
10.57,Low Sugar,0.048,Snack Foods,79.52,Small,Tier 3,Food Mart,28
13.76,Low Sugar,0.037,Frozen Foods,116.7,Medium,Tier 2,Supermarket Type2,17
12.79,Low Sugar,0.049,Fruits and Vegetables,161.86,Medium,Tier 2,Supermarket Type2,17
12.29,No Sugar,0.061,Others,95.98,High,Tier 2,Supermarket Type1,39
14.25,Regular,0.076,Baking Goods,158.34,High,Tier 2,Supermarket Type1,39
8.9,Low Sugar,0.021,Breakfast,98.71,Small,Tier 3,Food Mart,28
15.35,Low Sugar,0.067,Frozen Foods,132.16,Medium,Tier 2,Supermarket Type2,17
11.91,No Sugar,0.052,Household,139.42,Medium,Tier 2,Supermarket Type2,17
14.53,Low Sugar,0.171,Frozen Foods,148.55,Medium,Tier 2,Supermarket Type2,17
14.24,No Sugar,0.024,Health and Hygiene,124.77,Medium,Tier 2,Supermarket Type2,17
11.33,Regular,0.043,Dairy,121.44,Medium,Tier 2,Supermarket Type2,17
14.61,Regular,0.039,Frozen Foods,188.81,High,Tier 2,Supermarket Type1,39
11.1,Low Sugar,0.082,Fruits and Vegetables,92.2,Small,Tier 3,Food Mart,28
14.67,Regular,0.022,Frozen Foods,149.54,Medium,Tier 2,Supermarket Type2,17
10.71,No Sugar,0.082,Household,136.94,Medium,Tier 2,Supermarket Type2,17
14.91,Regular,0.089,Fruits and Vegetables,146.41,Medium,Tier 2,Supermarket Type2,17
14.73,Regular,0.069,Dairy,157.99,High,Tier 2,Supermarket Type1,39
8.59,Low Sugar,0.096,Snack Foods,92.6,Small,Tier 3,Food Mart,28
13.24,Low Sugar,0.039,Seafood,156.02,Medium,Tier 2,Supermarket Type2,17
10.26,Regular,0.034,Snack Foods,138.92,Medium,Tier 2,Supermarket Type2,17
17.16,Low Sugar,0.089,Snack Foods,151.41,High,Tier 2,Supermarket Type1,39
10.81,Low Sugar,0.138,Seafood,161.84,Medium,Tier 2,Supermarket Type2,17
11.81,Low Sugar,0.045,Soft Drinks,138.42,Medium,Tier 2,Supermarket Type2,17
12.74,Low Sugar,0.05,Dairy,152.27,Medium,Tier 2,Supermarket Type2,17
13.59,Low Sugar,0.038,Snack Foods,138.17,Medium,Tier 2,Supermarket Type2,17
11.19,No Sugar,0.017,Household,122.73,Small,Tier 3,Food Mart,28
8.12,Regular,0.038,Meat,167.21,Medium,Tier 2,Supermarket Type2,17
11.94,Low Sugar,0.044,Fruits and Vegetables,142.26,Medium,Tier 2,Supermarket Type2,17
12.43,Low Sugar,0.037,Fruits and Vegetables,137.51,Medium,Tier 2,Supermarket Type2,17
8.5,Regular,0.061,Fruits and Vegetables,176.63,Medium,Tier 2,Supermarket Type2,17
11.38,Low Sugar,0.007,Meat,84.18,Small,Tier 3,Food Mart,28
11.6,Low Sugar,0.061,Dairy,171.07,Medium,Tier 2,Supermarket Type2,17
11.04,Low Sugar,0.121,Fruits and Vegetables,142.88,Medium,Tier 2,Supermarket Type2,17
9.28,Regular,0.041,Frozen Foods,86.66,Small,Tier 3,Food Mart,28
10.94,Low Sugar,0.061,Frozen Foods,128.45,Medium,Tier 2,Supermarket Type2,17
11.74,Low Sugar,0.077,Baking Goods,165.86,Medium,Tier 2,Supermarket Type2,17
10.41,Regular,0.032,Baking Goods,189.38,Medium,Tier 2,Supermarket Type2,17
14.06,Regular,0.047,Soft Drinks,160.08,High,Tier 2,Supermarket Type1,39
12.08,No Sugar,0.021,Household,121.54,Medium,Tier 2,Supermarket Type2,17
11.55,Low Sugar,0.042,Soft Drinks,129.17,Medium,Tier 2,Supermarket Type2,17
10.84,Low Sugar,0.024,Soft Drinks,109.08,Small,Tier 3,Food Mart,28
16.44,Low Sugar,0.056,Frozen Foods,216.03,Medium,Tier 1,Departmental Store,27
14.07,Low Sugar,0.041,Baking Goods,181.33,Medium,Tier 1,Departmental Store,27
11.33,Low Sugar,0.11,Soft Drinks,118.73,Medium,Tier 2,Supermarket Type2,17
15.58,Low Sugar,0.044,Meat,198.22,Medium,Tier 1,Departmental Store,27
11.57,Regular,0.098,Fruits and Vegetables,186.72,High,Tier 2,Supermarket Type1,39
16.15,Low Sugar,0.132,Meat,192.35,Small,Tier 3,Food Mart,28
9.95,Low Sugar,0.034,Snack Foods,149.98,Medium,Tier 2,Supermarket Type2,17
13.95,Low Sugar,0.133,Breakfast,155.4,Medium,Tier 2,Supermarket Type2,17
11.47,No Sugar,0.129,Others,102.4,Small,Tier 3,Food Mart,28
12.62,Low Sugar,0.028,Snack Foods,104.69,Medium,Tier 2,Supermarket Type2,17
13.48,Low Sugar,0.057,Snack Foods,109.65,Small,Tier 3,Food Mart,28
13.16,No Sugar,0.125,Others,193.17,High,Tier 2,Supermarket Type1,39
13.43,Low Sugar,0.14,Breakfast,141.86,Small,Tier 3,Food Mart,28
10.75,Low Sugar,0.027,Baking Goods,144.76,Medium,Tier 2,Supermarket Type2,17
10.78,No Sugar,0.018,Health and Hygiene,138.62,Medium,Tier 2,Supermarket Type2,17
9.5,Low Sugar,0.156,Frozen Foods,147.39,Medium,Tier 2,Supermarket Type2,17
12.78,Regular,0.076,Snack Foods,161.64,Medium,Tier 2,Supermarket Type2,17
15.03,No Sugar,0.061,Household,147.55,High,Tier 2,Supermarket Type1,39
10.79,Low Sugar,0.069,Fruits and Vegetables,164.78,Medium,Tier 2,Supermarket Type2,17
11.58,Regular,0.122,Canned,163.26,Medium,Tier 2,Supermarket Type2,17
11.69,Low Sugar,0.071,Fruits and Vegetables,153.15,Medium,Tier 2,Supermarket Type2,17
13.68,Regular,0.068,Dairy,193.19,High,Tier 2,Supermarket Type1,39
15.24,Low Sugar,0.099,Canned,188.53,High,Tier 2,Supermarket Type1,39
13.0,No Sugar,0.077,Household,136.76,Medium,Tier 2,Supermarket Type2,17
10.57,Low Sugar,0.027,Soft Drinks,199.48,High,Tier 2,Supermarket Type1,39
13.37,No Sugar,0.053,Health and Hygiene,174.51,High,Tier 2,Supermarket Type1,39
16.69,Low Sugar,0.083,Frozen Foods,200.25,Medium,Tier 1,Departmental Store,27
10.85,Low Sugar,0.049,Dairy,141.07,Medium,Tier 2,Supermarket Type2,17
9.2,Regular,0.093,Fruits and Vegetables,102.51,Small,Tier 3,Food Mart,28
11.13,Regular,0.117,Snack Foods,131.69,Medium,Tier 2,Supermarket Type2,17
16.72,Regular,0.128,Canned,160.17,High,Tier 2,Supermarket Type1,39
11.11,Low Sugar,0.029,Snack Foods,165.29,Medium,Tier 2,Supermarket Type2,17
12.04,Low Sugar,0.185,Snack Foods,114.88,Medium,Tier 2,Supermarket Type2,17
11.74,Low Sugar,0.062,Hard Drinks,103.63,High,Tier 2,Supermarket Type1,39
11.77,No Sugar,0.168,Health and Hygiene,145.18,Medium,Tier 2,Supermarket Type2,17
15.06,Low Sugar,0.12,Dairy,163.79,Medium,Tier 1,Departmental Store,27
12.16,Low Sugar,0.034,Fruits and Vegetables,156.17,Medium,Tier 2,Supermarket Type2,17
13.36,Regular,0.06,Fruits and Vegetables,143.84,Medium,Tier 2,Supermarket Type2,17
13.45,Low Sugar,0.115,Snack Foods,169.46,High,Tier 2,Supermarket Type1,39
12.08,Low Sugar,0.076,Baking Goods,168.72,Medium,Tier 2,Supermarket Type2,17
17.15,Low Sugar,0.077,Fruits and Vegetables,170.33,Medium,Tier 1,Departmental Store,27
15.17,Low Sugar,0.164,Meat,146.39,High,Tier 2,Supermarket Type1,39
15.07,Low Sugar,0.089,Seafood,180.86,High,Tier 2,Supermarket Type1,39
15.75,No Sugar,0.043,Household,128.82,Medium,Tier 2,Supermarket Type2,17
10.34,Regular,0.015,Snack Foods,167.16,Medium,Tier 2,Supermarket Type2,17
10.36,Regular,0.035,Fruits and Vegetables,182.68,Medium,Tier 2,Supermarket Type2,17
10.03,Regular,0.205,Baking Goods,166.94,Medium,Tier 2,Supermarket Type2,17
13.16,Regular,0.009,Fruits and Vegetables,190.23,Medium,Tier 1,Departmental Store,27
10.74,No Sugar,0.173,Household,138.19,Medium,Tier 2,Supermarket Type2,17
11.43,Low Sugar,0.128,Snack Foods,147.87,Medium,Tier 2,Supermarket Type2,17
12.55,No Sugar,0.119,Household,101.29,High,Tier 2,Supermarket Type1,39
15.34,Low Sugar,0.069,Fruits and Vegetables,144.22,High,Tier 2,Supermarket Type1,39
13.93,Low Sugar,0.021,Frozen Foods,200.09,High,Tier 2,Supermarket Type1,39
13.58,Low Sugar,0.11,Snack Foods,108.27,Medium,Tier 2,Supermarket Type2,17
12.51,Regular,0.153,Dairy,142.92,Medium,Tier 2,Supermarket Type2,17
14.51,Regular,0.111,Dairy,118.48,Medium,Tier 2,Supermarket Type2,17
12.59,Regular,0.057,Baking Goods,208.93,High,Tier 2,Supermarket Type1,39
11.84,Low Sugar,0.081,Canned,160.24,Medium,Tier 2,Supermarket Type2,17
12.52,Low Sugar,0.074,Soft Drinks,217.86,Small,Tier 3,Food Mart,28
12.57,Low Sugar,0.036,Soft Drinks,136.27,Small,Tier 3,Food Mart,28
13.06,Regular,0.055,Frozen Foods,152.58,Medium,Tier 2,Supermarket Type2,17
14.23,Low Sugar,0.065,Starchy Foods,114.51,Medium,Tier 2,Supermarket Type2,17
13.92,Regular,0.024,Soft Drinks,132.01,Medium,Tier 2,Supermarket Type2,17
14.31,No Sugar,0.079,Health and Hygiene,154.1,Medium,Tier 2,Supermarket Type2,17
11.76,No Sugar,0.035,Health and Hygiene,119.88,Medium,Tier 2,Supermarket Type2,17
12.38,Low Sugar,0.16,Frozen Foods,154.0,Medium,Tier 2,Supermarket Type2,17
10.93,Low Sugar,0.082,Baking Goods,116.53,High,Tier 2,Supermarket Type1,39
10.84,Low Sugar,0.025,Snack Foods,140.61,Medium,Tier 2,Supermarket Type2,17
11.73,Low Sugar,0.011,Canned,164.37,Medium,Tier 2,Supermarket Type2,17
12.76,Regular,0.021,Breads,139.6,Medium,Tier 2,Supermarket Type2,17
13.81,Low Sugar,0.174,Canned,137.42,Medium,Tier 2,Supermarket Type2,17
12.87,Low Sugar,0.09,Dairy,168.16,Medium,Tier 2,Supermarket Type2,17
9.83,Regular,0.039,Snack Foods,122.63,High,Tier 2,Supermarket Type1,39
8.05,Regular,0.047,Dairy,101.95,Small,Tier 3,Food Mart,28
12.15,Regular,0.105,Baking Goods,140.68,Medium,Tier 2,Supermarket Type2,17
13.56,Low Sugar,0.039,Canned,161.22,Medium,Tier 2,Supermarket Type2,17
16.06,Low Sugar,0.106,Hard Drinks,169.48,High,Tier 2,Supermarket Type1,39
10.7,Regular,0.04,Snack Foods,183.23,Medium,Tier 2,Supermarket Type2,17
12.2,Low Sugar,0.051,Frozen Foods,131.34,Medium,Tier 2,Supermarket Type2,17
10.04,No Sugar,0.042,Household,119.11,Small,Tier 3,Food Mart,28
11.12,Regular,0.061,Dairy,141.28,Medium,Tier 2,Supermarket Type2,17
15.42,Low Sugar,0.205,Dairy,166.32,Medium,Tier 1,Departmental Store,27
15.63,Regular,0.274,Dairy,136.93,Medium,Tier 2,Supermarket Type2,17
13.6,Low Sugar,0.08,Snack Foods,127.68,Medium,Tier 2,Supermarket Type2,17
9.35,Regular,0.04,Fruits and Vegetables,99.2,Small,Tier 3,Food Mart,28
13.3,Low Sugar,0.054,Breads,157.11,Medium,Tier 2,Supermarket Type2,17
14.75,Low Sugar,0.027,Seafood,135.64,Medium,Tier 2,Supermarket Type2,17
14.72,Low Sugar,0.115,Baking Goods,154.67,High,Tier 2,Supermarket Type1,39
13.48,Low Sugar,0.03,Meat,202.54,High,Tier 2,Supermarket Type1,39
13.44,Regular,0.045,Fruits and Vegetables,146.29,Medium,Tier 2,Supermarket Type2,17
9.34,Regular,0.035,Hard Drinks,127.3,High,Tier 2,Supermarket Type1,39
14.45,Low Sugar,0.076,Snack Foods,152.87,Medium,Tier 2,Supermarket Type2,17
13.48,Low Sugar,0.066,Dairy,155.95,Medium,Tier 2,Supermarket Type2,17
13.18,Low Sugar,0.018,Starchy Foods,158.11,Medium,Tier 2,Supermarket Type2,17
9.9,Low Sugar,0.036,Snack Foods,97.0,Small,Tier 3,Food Mart,28
11.8,No Sugar,0.083,Health and Hygiene,127.26,Medium,Tier 2,Supermarket Type2,17
12.27,No Sugar,0.066,Household,218.89,High,Tier 2,Supermarket Type1,39
14.36,Low Sugar,0.035,Snack Foods,157.28,High,Tier 2,Supermarket Type1,39
11.72,Regular,0.09,Dairy,144.77,Medium,Tier 2,Supermarket Type2,17
11.79,No Sugar,0.11,Health and Hygiene,175.53,Medium,Tier 2,Supermarket Type2,17
14.29,Low Sugar,0.159,Snack Foods,172.78,Medium,Tier 1,Departmental Store,27
12.65,Low Sugar,0.072,Frozen Foods,201.52,High,Tier 2,Supermarket Type1,39
12.03,Regular,0.006,Snack Foods,143.64,Medium,Tier 2,Supermarket Type2,17
13.73,No Sugar,0.015,Health and Hygiene,100.56,Medium,Tier 2,Supermarket Type2,17
12.99,Low Sugar,0.007,Dairy,110.11,Medium,Tier 2,Supermarket Type2,17
12.72,Regular,0.054,Snack Foods,186.18,Medium,Tier 1,Departmental Store,27
15.27,Low Sugar,0.076,Soft Drinks,145.34,High,Tier 2,Supermarket Type1,39
12.21,Low Sugar,0.045,Frozen Foods,132.91,Medium,Tier 2,Supermarket Type2,17
10.78,Low Sugar,0.073,Canned,197.63,High,Tier 2,Supermarket Type1,39
9.92,No Sugar,0.071,Household,100.6,Small,Tier 3,Food Mart,28
15.37,Low Sugar,0.13,Canned,99.24,Medium,Tier 2,Supermarket Type2,17
11.66,Low Sugar,0.047,Meat,188.95,High,Tier 2,Supermarket Type1,39
10.65,Regular,0.132,Frozen Foods,156.8,Medium,Tier 2,Supermarket Type2,17
16.09,Regular,0.019,Meat,182.14,Medium,Tier 1,Departmental Store,27
11.69,Regular,0.079,Baking Goods,125.99,Medium,Tier 2,Supermarket Type2,17
12.72,Regular,0.022,Breads,187.9,High,Tier 2,Supermarket Type1,39
13.84,Low Sugar,0.013,Meat,175.33,High,Tier 2,Supermarket Type1,39
7.3,Low Sugar,0.041,Dairy,125.09,Small,Tier 3,Food Mart,28
15.31,Low Sugar,0.143,Meat,203.02,Small,Tier 3,Food Mart,28
14.81,Low Sugar,0.104,Snack Foods,128.05,Medium,Tier 2,Supermarket Type2,17
12.93,No Sugar,0.018,Health and Hygiene,167.91,Medium,Tier 2,Supermarket Type2,17
15.04,Low Sugar,0.104,Snack Foods,118.56,Medium,Tier 2,Supermarket Type2,17
10.73,No Sugar,0.016,Health and Hygiene,159.37,Medium,Tier 2,Supermarket Type2,17
10.65,No Sugar,0.039,Health and Hygiene,123.03,Medium,Tier 2,Supermarket Type2,17
14.09,Regular,0.016,Frozen Foods,147.18,Medium,Tier 2,Supermarket Type2,17
12.2,Low Sugar,0.038,Dairy,122.87,Medium,Tier 2,Supermarket Type2,17
13.01,Low Sugar,0.119,Snack Foods,150.84,Medium,Tier 2,Supermarket Type2,17
11.35,Low Sugar,0.111,Baking Goods,90.63,Small,Tier 3,Food Mart,28
16.26,Low Sugar,0.016,Meat,145.76,Medium,Tier 1,Departmental Store,27
11.15,No Sugar,0.013,Household,169.36,Medium,Tier 2,Supermarket Type2,17
10.78,No Sugar,0.16,Health and Hygiene,127.21,Medium,Tier 2,Supermarket Type2,17
9.49,Low Sugar,0.064,Frozen Foods,153.55,Medium,Tier 2,Supermarket Type2,17
14.3,Regular,0.065,Fruits and Vegetables,161.73,High,Tier 2,Supermarket Type1,39
11.62,Low Sugar,0.063,Snack Foods,146.83,Medium,Tier 2,Supermarket Type2,17
8.58,Low Sugar,0.031,Frozen Foods,126.4,Small,Tier 3,Food Mart,28
14.11,No Sugar,0.014,Household,138.37,Medium,Tier 2,Supermarket Type2,17
12.56,reg,0.066,Frozen Foods,146.26,Medium,Tier 2,Supermarket Type2,17
16.34,Regular,0.079,Hard Drinks,171.56,High,Tier 2,Supermarket Type1,39
13.19,Low Sugar,0.047,Dairy,113.67,Medium,Tier 2,Supermarket Type2,17
13.28,Low Sugar,0.024,Soft Drinks,148.87,Medium,Tier 2,Supermarket Type2,17
10.72,Regular,0.129,Dairy,106.39,Small,Tier 3,Food Mart,28
11.06,Regular,0.031,Dairy,160.42,Medium,Tier 2,Supermarket Type2,17
13.11,Low Sugar,0.088,Canned,133.18,Medium,Tier 2,Supermarket Type2,17
12.76,Low Sugar,0.11,Snack Foods,147.75,Medium,Tier 1,Departmental Store,27
12.12,No Sugar,0.076,Household,117.73,Medium,Tier 2,Supermarket Type2,17
13.77,Regular,0.021,Breakfast,134.31,Medium,Tier 2,Supermarket Type2,17
14.12,Low Sugar,0.126,Starchy Foods,157.35,Medium,Tier 2,Supermarket Type2,17
9.6,Regular,0.042,Fruits and Vegetables,123.66,Small,Tier 3,Food Mart,28
12.35,No Sugar,0.025,Health and Hygiene,151.39,Medium,Tier 2,Supermarket Type2,17
11.34,Low Sugar,0.07,Meat,105.65,High,Tier 2,Supermarket Type1,39
13.22,Low Sugar,0.05,Hard Drinks,148.87,Medium,Tier 2,Supermarket Type2,17
12.34,No Sugar,0.034,Health and Hygiene,95.69,High,Tier 2,Supermarket Type1,39
14.29,Regular,0.124,Fruits and Vegetables,201.74,High,Tier 2,Supermarket Type1,39
13.92,Regular,0.086,Frozen Foods,162.85,High,Tier 2,Supermarket Type1,39
14.12,Low Sugar,0.129,Baking Goods,160.41,High,Tier 2,Supermarket Type1,39
14.96,Regular,0.021,Meat,195.73,High,Tier 2,Supermarket Type1,39
10.4,Low Sugar,0.064,Fruits and Vegetables,129.37,Medium,Tier 2,Supermarket Type2,17
12.56,No Sugar,0.042,Household,141.34,Medium,Tier 2,Supermarket Type2,17
11.12,Low Sugar,0.124,Snack Foods,104.86,Small,Tier 3,Food Mart,28
15.3,Low Sugar,0.024,Snack Foods,144.34,Medium,Tier 2,Supermarket Type2,17
11.89,No Sugar,0.061,Health and Hygiene,188.17,High,Tier 2,Supermarket Type1,39
12.33,Low Sugar,0.053,Fruits and Vegetables,86.72,Small,Tier 3,Food Mart,28
12.18,Low Sugar,0.107,Snack Foods,162.96,Medium,Tier 2,Supermarket Type2,17
14.72,Regular,0.052,Canned,160.76,Medium,Tier 1,Departmental Store,27
15.77,Low Sugar,0.044,Dairy,155.23,Medium,Tier 1,Departmental Store,27
14.56,Low Sugar,0.038,Hard Drinks,178.4,High,Tier 2,Supermarket Type1,39
13.88,Low Sugar,0.032,Canned,177.26,High,Tier 2,Supermarket Type1,39
7.7,Regular,0.038,Fruits and Vegetables,98.13,Small,Tier 3,Food Mart,28
7.33,Low Sugar,0.183,Canned,107.44,Small,Tier 3,Food Mart,28
8.36,reg,0.077,Dairy,111.56,Small,Tier 3,Food Mart,28
10.89,Regular,0.037,Fruits and Vegetables,124.43,Medium,Tier 2,Supermarket Type2,17
14.36,Regular,0.012,Soft Drinks,128.07,Medium,Tier 2,Supermarket Type2,17
14.55,Low Sugar,0.205,Seafood,167.45,Medium,Tier 1,Departmental Store,27
14.82,Low Sugar,0.011,Breads,131.95,Medium,Tier 2,Supermarket Type2,17
14.09,Low Sugar,0.08,Baking Goods,137.91,Medium,Tier 2,Supermarket Type2,17
12.25,Regular,0.025,Hard Drinks,151.93,Medium,Tier 2,Supermarket Type2,17
15.8,Regular,0.111,Snack Foods,130.46,Medium,Tier 2,Supermarket Type2,17
11.13,No Sugar,0.073,Household,140.73,Medium,Tier 2,Supermarket Type2,17
12.4,No Sugar,0.092,Household,183.95,High,Tier 2,Supermarket Type1,39
12.66,Low Sugar,0.088,Canned,127.99,Medium,Tier 2,Supermarket Type2,17
14.99,No Sugar,0.058,Household,161.5,Medium,Tier 1,Departmental Store,27
10.07,Low Sugar,0.043,Snack Foods,121.94,High,Tier 2,Supermarket Type1,39
12.03,Low Sugar,0.047,Starchy Foods,116.24,Medium,Tier 1,Departmental Store,27
12.92,Regular,0.032,Meat,121.53,Medium,Tier 2,Supermarket Type2,17
14.15,Low Sugar,0.052,Dairy,215.74,Medium,Tier 1,Departmental Store,27
13.21,Regular,0.019,Baking Goods,164.45,Medium,Tier 2,Supermarket Type2,17
11.08,No Sugar,0.016,Health and Hygiene,106.32,Small,Tier 3,Food Mart,28
11.11,Regular,0.015,Canned,133.07,Medium,Tier 2,Supermarket Type2,17
12.8,Low Sugar,0.022,Dairy,126.14,Medium,Tier 2,Supermarket Type2,17
13.46,Low Sugar,0.075,Soft Drinks,135.73,Medium,Tier 2,Supermarket Type2,17
11.32,Low Sugar,0.17,Fruits and Vegetables,136.2,Medium,Tier 2,Supermarket Type2,17
17.47,Low Sugar,0.027,Fruits and Vegetables,195.62,Medium,Tier 1,Departmental Store,27
13.08,Low Sugar,0.008,Snack Foods,149.13,Medium,Tier 2,Supermarket Type2,17
15.61,Low Sugar,0.122,Fruits and Vegetables,141.69,High,Tier 2,Supermarket Type1,39
14.39,Low Sugar,0.139,Snack Foods,163.84,High,Tier 2,Supermarket Type1,39
14.0,Low Sugar,0.036,Fruits and Vegetables,117.72,Medium,Tier 2,Supermarket Type2,17
14.33,Low Sugar,0.035,Meat,188.37,High,Tier 2,Supermarket Type1,39
11.16,Regular,0.055,Meat,170.81,Medium,Tier 2,Supermarket Type2,17
10.49,Low Sugar,0.032,Snack Foods,127.63,Medium,Tier 2,Supermarket Type2,17
12.82,reg,0.058,Frozen Foods,135.28,Medium,Tier 2,Supermarket Type2,17
11.82,No Sugar,0.014,Household,141.53,Medium,Tier 2,Supermarket Type2,17
13.42,Regular,0.154,Frozen Foods,166.81,High,Tier 2,Supermarket Type1,39
9.87,Low Sugar,0.03,Snack Foods,89.57,Small,Tier 3,Food Mart,28
11.37,Low Sugar,0.095,Canned,150.55,Medium,Tier 2,Supermarket Type2,17
13.28,No Sugar,0.042,Health and Hygiene,167.77,High,Tier 2,Supermarket Type1,39
10.54,Regular,0.04,Soft Drinks,111.83,Small,Tier 3,Food Mart,28
14.09,Regular,0.015,Fruits and Vegetables,121.85,Medium,Tier 2,Supermarket Type2,17
10.95,Low Sugar,0.038,Meat,102.71,Small,Tier 3,Food Mart,28
17.39,Low Sugar,0.073,Fruits and Vegetables,175.5,Medium,Tier 1,Departmental Store,27
14.5,Regular,0.026,Soft Drinks,146.7,Medium,Tier 2,Supermarket Type2,17
12.67,No Sugar,0.046,Health and Hygiene,175.83,High,Tier 2,Supermarket Type1,39
15.18,Low Sugar,0.027,Fruits and Vegetables,155.91,Medium,Tier 1,Departmental Store,27
10.22,Low Sugar,0.075,Baking Goods,108.72,Small,Tier 3,Food Mart,28
13.23,Regular,0.072,Breakfast,150.16,Medium,Tier 2,Supermarket Type2,17
11.84,Low Sugar,0.036,Fruits and Vegetables,133.55,Medium,Tier 2,Supermarket Type2,17
11.68,Low Sugar,0.067,Meat,185.12,High,Tier 2,Supermarket Type1,39
11.35,Low Sugar,0.026,Dairy,132.6,Medium,Tier 2,Supermarket Type2,17
13.72,No Sugar,0.056,Health and Hygiene,142.14,Medium,Tier 2,Supermarket Type2,17
16.32,Low Sugar,0.033,Snack Foods,173.95,High,Tier 2,Supermarket Type1,39
13.23,Low Sugar,0.067,Frozen Foods,167.14,Medium,Tier 2,Supermarket Type2,17
13.63,Low Sugar,0.147,Fruits and Vegetables,157.43,Medium,Tier 2,Supermarket Type2,17
17.24,Low Sugar,0.017,Snack Foods,140.86,Medium,Tier 1,Departmental Store,27
14.42,No Sugar,0.017,Household,204.31,Medium,Tier 1,Departmental Store,27
14.73,Low Sugar,0.027,Snack Foods,139.42,Medium,Tier 2,Supermarket Type2,17
14.28,Regular,0.095,Snack Foods,190.26,High,Tier 2,Supermarket Type1,39
14.62,Low Sugar,0.095,Canned,190.76,High,Tier 2,Supermarket Type1,39
12.25,Low Sugar,0.128,Canned,177.4,Medium,Tier 2,Supermarket Type2,17
13.44,Regular,0.036,Hard Drinks,132.58,Medium,Tier 2,Supermarket Type2,17
13.08,Low Sugar,0.044,Frozen Foods,114.66,Medium,Tier 2,Supermarket Type2,17
14.7,Low Sugar,0.137,Dairy,159.86,High,Tier 2,Supermarket Type1,39
11.54,Regular,0.06,Fruits and Vegetables,140.71,Medium,Tier 2,Supermarket Type2,17
14.18,Regular,0.144,Frozen Foods,161.28,High,Tier 2,Supermarket Type1,39
11.27,Low Sugar,0.124,Canned,147.12,Medium,Tier 2,Supermarket Type2,17
13.61,Low Sugar,0.026,Canned,108.18,Small,Tier 3,Food Mart,28
11.97,Low Sugar,0.047,Frozen Foods,142.36,Medium,Tier 2,Supermarket Type2,17
10.56,Low Sugar,0.038,Frozen Foods,97.45,Small,Tier 3,Food Mart,28
10.18,Low Sugar,0.103,Seafood,135.38,Medium,Tier 2,Supermarket Type2,17
11.53,Low Sugar,0.02,Snack Foods,119.91,Medium,Tier 2,Supermarket Type2,17
11.94,Regular,0.117,Frozen Foods,176.27,Medium,Tier 2,Supermarket Type2,17
11.57,No Sugar,0.022,Household,133.82,Medium,Tier 2,Supermarket Type2,17
13.8,No Sugar,0.014,Health and Hygiene,129.59,Medium,Tier 2,Supermarket Type2,17
10.68,Regular,0.083,Baking Goods,146.21,Medium,Tier 2,Supermarket Type2,17
10.38,No Sugar,0.089,Health and Hygiene,112.11,Small,Tier 3,Food Mart,28
12.21,Regular,0.07,Fruits and Vegetables,135.67,Medium,Tier 2,Supermarket Type2,17
10.96,Low Sugar,0.109,Dairy,130.68,Medium,Tier 2,Supermarket Type2,17
10.1,Low Sugar,0.07,Fruits and Vegetables,131.73,Medium,Tier 2,Supermarket Type2,17
11.35,Low Sugar,0.071,Frozen Foods,174.11,Medium,Tier 2,Supermarket Type2,17
11.51,Low Sugar,0.077,Dairy,92.61,Small,Tier 3,Food Mart,28
14.67,Low Sugar,0.116,Dairy,164.12,Medium,Tier 1,Departmental Store,27
11.51,Regular,0.023,Frozen Foods,138.15,Medium,Tier 2,Supermarket Type2,17
11.97,Low Sugar,0.004,Frozen Foods,116.15,Medium,Tier 2,Supermarket Type2,17
12.03,Regular,0.026,Frozen Foods,129.03,Medium,Tier 2,Supermarket Type2,17
12.43,Regular,0.154,Snack Foods,166.96,Medium,Tier 2,Supermarket Type2,17
16.59,Low Sugar,0.174,Fruits and Vegetables,175.62,Medium,Tier 1,Departmental Store,27
14.63,Low Sugar,0.035,Snack Foods,179.0,High,Tier 2,Supermarket Type1,39
11.59,Low Sugar,0.055,Snack Foods,141.64,Medium,Tier 2,Supermarket Type2,17
12.49,Low Sugar,0.026,Snack Foods,116.15,Medium,Tier 2,Supermarket Type2,17
13.58,Low Sugar,0.153,Fruits and Vegetables,138.25,Medium,Tier 2,Supermarket Type2,17
14.87,No Sugar,0.103,Health and Hygiene,217.23,Medium,Tier 1,Departmental Store,27
13.32,No Sugar,0.049,Household,113.27,Medium,Tier 2,Supermarket Type2,17
11.29,No Sugar,0.058,Others,142.82,Medium,Tier 2,Supermarket Type2,17
8.56,Regular,0.061,Frozen Foods,91.13,Small,Tier 3,Food Mart,28
14.0,Low Sugar,0.058,Canned,111.14,Medium,Tier 2,Supermarket Type2,17
15.07,Low Sugar,0.043,Meat,135.09,Medium,Tier 2,Supermarket Type2,17
13.24,Low Sugar,0.072,Snack Foods,154.53,Medium,Tier 2,Supermarket Type2,17
13.01,Low Sugar,0.023,Snack Foods,181.93,Medium,Tier 1,Departmental Store,27
14.64,Low Sugar,0.012,Frozen Foods,153.73,High,Tier 2,Supermarket Type1,39
11.84,Regular,0.023,Meat,113.2,Medium,Tier 2,Supermarket Type2,17
13.46,Low Sugar,0.028,Frozen Foods,217.36,Medium,Tier 1,Departmental Store,27
11.59,Regular,0.024,Canned,108.4,High,Tier 2,Supermarket Type1,39
13.5,Low Sugar,0.013,Breakfast,184.48,Medium,Tier 1,Departmental Store,27
15.73,No Sugar,0.035,Household,180.51,High,Tier 2,Supermarket Type1,39
13.14,Low Sugar,0.022,Fruits and Vegetables,158.42,Medium,Tier 2,Supermarket Type2,17
8.82,Low Sugar,0.083,Dairy,138.88,High,Tier 2,Supermarket Type1,39
13.59,reg,0.039,Canned,133.49,Medium,Tier 2,Supermarket Type2,17
14.26,Regular,0.065,Frozen Foods,164.81,High,Tier 2,Supermarket Type1,39
14.35,Low Sugar,0.018,Meat,129.25,Medium,Tier 2,Supermarket Type2,17
11.58,Low Sugar,0.019,Soft Drinks,103.05,High,Tier 2,Supermarket Type1,39
13.94,Low Sugar,0.011,Snack Foods,122.09,Medium,Tier 2,Supermarket Type2,17
10.08,Low Sugar,0.03,Frozen Foods,67.18,Small,Tier 3,Food Mart,28
10.86,No Sugar,0.07,Health and Hygiene,153.36,Medium,Tier 2,Supermarket Type2,17
14.22,No Sugar,0.048,Household,141.09,Medium,Tier 2,Supermarket Type2,17
11.73,No Sugar,0.059,Health and Hygiene,168.41,Medium,Tier 2,Supermarket Type2,17
14.91,Low Sugar,0.073,Baking Goods,209.66,Medium,Tier 1,Departmental Store,27
13.62,Low Sugar,0.097,Dairy,154.13,Medium,Tier 2,Supermarket Type2,17
13.29,Regular,0.017,Dairy,110.55,Medium,Tier 1,Departmental Store,27
11.49,No Sugar,0.016,Health and Hygiene,165.5,Medium,Tier 2,Supermarket Type2,17
14.28,No Sugar,0.184,Health and Hygiene,177.12,Medium,Tier 1,Departmental Store,27
14.84,Low Sugar,0.069,Baking Goods,171.47,Medium,Tier 1,Departmental Store,27
14.0,Low Sugar,0.039,Dairy,197.4,High,Tier 2,Supermarket Type1,39
14.64,No Sugar,0.023,Household,176.9,High,Tier 2,Supermarket Type1,39
12.01,Regular,0.077,Fruits and Vegetables,142.55,Medium,Tier 2,Supermarket Type2,17
10.98,Low Sugar,0.056,Canned,142.0,Medium,Tier 2,Supermarket Type2,17
10.97,Low Sugar,0.033,Seafood,141.62,Medium,Tier 2,Supermarket Type2,17
13.36,Low Sugar,0.022,Frozen Foods,151.78,Medium,Tier 2,Supermarket Type2,17
17.55,Low Sugar,0.058,Soft Drinks,209.8,Medium,Tier 1,Departmental Store,27
12.01,Low Sugar,0.094,Frozen Foods,116.6,Medium,Tier 1,Departmental Store,27
17.12,Regular,0.111,Soft Drinks,217.03,Medium,Tier 1,Departmental Store,27
17.82,Low Sugar,0.138,Starchy Foods,171.19,Medium,Tier 1,Departmental Store,27
13.09,Regular,0.033,Snack Foods,163.18,Medium,Tier 2,Supermarket Type2,17
13.85,Regular,0.031,Snack Foods,185.48,Medium,Tier 1,Departmental Store,27
11.43,Regular,0.146,Canned,113.97,High,Tier 2,Supermarket Type1,39
12.76,Low Sugar,0.03,Fruits and Vegetables,146.66,Medium,Tier 2,Supermarket Type2,17
16.92,No Sugar,0.006,Health and Hygiene,184.19,Medium,Tier 1,Departmental Store,27
13.86,Low Sugar,0.03,Dairy,140.61,Medium,Tier 2,Supermarket Type2,17
13.03,Low Sugar,0.046,Meat,146.2,Medium,Tier 2,Supermarket Type2,17
11.41,Low Sugar,0.159,Frozen Foods,135.52,Medium,Tier 2,Supermarket Type2,17
15.17,Low Sugar,0.018,Frozen Foods,194.87,Medium,Tier 1,Departmental Store,27
10.37,Regular,0.112,Meat,118.19,High,Tier 2,Supermarket Type1,39
16.4,Low Sugar,0.025,Canned,171.88,High,Tier 2,Supermarket Type1,39
15.81,No Sugar,0.07,Household,176.48,High,Tier 2,Supermarket Type1,39
15.04,Low Sugar,0.038,Hard Drinks,178.24,High,Tier 2,Supermarket Type1,39
13.02,Low Sugar,0.014,Fruits and Vegetables,119.87,Medium,Tier 2,Supermarket Type2,17
11.38,Low Sugar,0.095,Fruits and Vegetables,122.09,Medium,Tier 2,Supermarket Type2,17
10.93,No Sugar,0.054,Household,103.23,Small,Tier 3,Food Mart,28
10.73,Low Sugar,0.054,Meat,148.79,Medium,Tier 2,Supermarket Type2,17
9.82,No Sugar,0.009,Health and Hygiene,103.11,Small,Tier 3,Food Mart,28
10.28,No Sugar,0.067,Health and Hygiene,146.56,Medium,Tier 2,Supermarket Type2,17
15.21,Regular,0.039,Canned,123.72,Medium,Tier 2,Supermarket Type2,17
13.01,Low Sugar,0.14,Meat,141.23,Medium,Tier 2,Supermarket Type2,17
12.96,No Sugar,0.064,Household,144.34,Medium,Tier 2,Supermarket Type2,17
15.26,Low Sugar,0.079,Snack Foods,146.43,High,Tier 2,Supermarket Type1,39
14.79,Low Sugar,0.067,Soft Drinks,171.69,Medium,Tier 1,Departmental Store,27
12.25,Low Sugar,0.074,Canned,127.29,Medium,Tier 2,Supermarket Type2,17
13.34,No Sugar,0.052,Health and Hygiene,170.71,High,Tier 2,Supermarket Type1,39
10.58,Low Sugar,0.009,Seafood,99.47,Small,Tier 3,Food Mart,28
11.98,Regular,0.073,Fruits and Vegetables,171.04,Medium,Tier 2,Supermarket Type2,17
13.17,Low Sugar,0.032,Baking Goods,147.65,Medium,Tier 2,Supermarket Type2,17
11.99,Low Sugar,0.172,Baking Goods,137.08,Medium,Tier 2,Supermarket Type2,17
11.69,Low Sugar,0.019,Soft Drinks,122.03,Medium,Tier 2,Supermarket Type2,17
14.74,Regular,0.051,Fruits and Vegetables,166.51,Medium,Tier 1,Departmental Store,27
10.48,Regular,0.114,Snack Foods,158.21,Medium,Tier 2,Supermarket Type2,17
10.96,Low Sugar,0.016,Breads,74.2,Small,Tier 3,Food Mart,28
13.34,Low Sugar,0.174,Soft Drinks,200.59,High,Tier 2,Supermarket Type1,39
13.85,Low Sugar,0.146,Dairy,151.4,Medium,Tier 2,Supermarket Type2,17
13.41,Regular,0.029,Fruits and Vegetables,159.99,Medium,Tier 2,Supermarket Type2,17
14.06,Low Sugar,0.038,Snack Foods,114.74,Medium,Tier 2,Supermarket Type2,17
13.2,Regular,0.013,Baking Goods,122.51,Medium,Tier 2,Supermarket Type2,17
12.73,No Sugar,0.016,Health and Hygiene,112.75,Medium,Tier 2,Supermarket Type2,17
19.12,Low Sugar,0.025,Snack Foods,185.76,Medium,Tier 1,Departmental Store,27
13.43,Low Sugar,0.016,Soft Drinks,122.96,Medium,Tier 2,Supermarket Type2,17
9.12,Low Sugar,0.141,Fruits and Vegetables,160.61,Medium,Tier 2,Supermarket Type2,17
13.94,Low Sugar,0.185,Fruits and Vegetables,160.21,High,Tier 2,Supermarket Type1,39
14.74,Low Sugar,0.028,Fruits and Vegetables,173.42,Medium,Tier 1,Departmental Store,27
14.87,Low Sugar,0.108,Snack Foods,179.56,Medium,Tier 1,Departmental Store,27
12.81,Regular,0.028,Soft Drinks,124.88,Medium,Tier 2,Supermarket Type2,17
14.53,Low Sugar,0.089,Snack Foods,125.16,Medium,Tier 2,Supermarket Type2,17
12.18,No Sugar,0.15,Household,147.22,Medium,Tier 2,Supermarket Type2,17
10.53,No Sugar,0.019,Household,171.63,Medium,Tier 2,Supermarket Type2,17
9.38,Regular,0.039,Soft Drinks,115.72,Medium,Tier 1,Departmental Store,27
9.82,Low Sugar,0.235,Soft Drinks,160.14,Medium,Tier 2,Supermarket Type2,17
11.87,Low Sugar,0.126,Baking Goods,143.22,Medium,Tier 2,Supermarket Type2,17
14.35,Low Sugar,0.111,Fruits and Vegetables,136.93,Medium,Tier 2,Supermarket Type2,17
12.15,Low Sugar,0.04,Meat,160.78,Medium,Tier 2,Supermarket Type2,17
14.15,No Sugar,0.022,Household,172.94,Medium,Tier 1,Departmental Store,27
9.73,Low Sugar,0.018,Meat,141.48,Medium,Tier 2,Supermarket Type2,17
12.24,Low Sugar,0.014,Fruits and Vegetables,154.99,Medium,Tier 2,Supermarket Type2,17
9.57,No Sugar,0.015,Health and Hygiene,144.1,Medium,Tier 2,Supermarket Type2,17
10.77,No Sugar,0.191,Others,143.53,Medium,Tier 2,Supermarket Type2,17
11.09,Low Sugar,0.033,Dairy,118.67,Medium,Tier 2,Supermarket Type2,17
10.88,Low Sugar,0.05,Fruits and Vegetables,134.83,Medium,Tier 2,Supermarket Type2,17
7.34,Regular,0.058,Breads,170.06,Medium,Tier 2,Supermarket Type2,17
12.46,Low Sugar,0.147,Dairy,140.98,Medium,Tier 2,Supermarket Type2,17
8.35,Regular,0.028,Dairy,84.27,Small,Tier 3,Food Mart,28
15.39,Regular,0.022,Baking Goods,195.11,Medium,Tier 1,Departmental Store,27
11.45,Regular,0.118,Fruits and Vegetables,160.96,Medium,Tier 2,Supermarket Type2,17
15.09,Low Sugar,0.057,Meat,154.83,High,Tier 2,Supermarket Type1,39
11.69,No Sugar,0.033,Household,205.73,Medium,Tier 1,Departmental Store,27
12.04,Regular,0.011,Snack Foods,153.42,Medium,Tier 1,Departmental Store,27
12.28,Regular,0.137,Canned,137.83,Medium,Tier 2,Supermarket Type2,17
14.08,No Sugar,0.026,Household,123.44,Medium,Tier 2,Supermarket Type2,17
11.51,Low Sugar,0.171,Fruits and Vegetables,142.49,Medium,Tier 2,Supermarket Type2,17
12.57,Low Sugar,0.017,Baking Goods,143.12,Medium,Tier 2,Supermarket Type2,17
13.59,No Sugar,0.089,Health and Hygiene,128.45,Medium,Tier 2,Supermarket Type2,17
11.65,Regular,0.073,Snack Foods,130.48,Medium,Tier 1,Departmental Store,27
12.5,No Sugar,0.02,Others,129.71,Medium,Tier 2,Supermarket Type2,17
11.43,Low Sugar,0.01,Baking Goods,154.31,Medium,Tier 2,Supermarket Type2,17
9.48,Low Sugar,0.063,Frozen Foods,141.2,Medium,Tier 2,Supermarket Type2,17
16.53,Regular,0.028,Frozen Foods,196.63,Medium,Tier 1,Departmental Store,27
16.95,Low Sugar,0.162,Dairy,211.85,Medium,Tier 1,Departmental Store,27
15.59,Regular,0.104,Snack Foods,149.51,High,Tier 2,Supermarket Type1,39
10.76,Low Sugar,0.019,Meat,190.45,Medium,Tier 2,Supermarket Type2,17
10.93,No Sugar,0.025,Household,156.05,Medium,Tier 2,Supermarket Type2,17
10.17,Regular,0.037,Breads,112.06,Small,Tier 3,Food Mart,28
13.29,Regular,0.126,Baking Goods,109.69,Medium,Tier 2,Supermarket Type2,17
10.4,Low Sugar,0.059,Fruits and Vegetables,137.67,Medium,Tier 2,Supermarket Type2,17
9.61,Low Sugar,0.064,Baking Goods,92.03,Small,Tier 3,Food Mart,28
18.8,No Sugar,0.06,Health and Hygiene,177.86,Medium,Tier 1,Departmental Store,27
12.68,Low Sugar,0.077,Meat,144.66,Medium,Tier 2,Supermarket Type2,17
11.38,Regular,0.14,Dairy,126.15,Medium,Tier 2,Supermarket Type2,17
10.64,No Sugar,0.034,Health and Hygiene,123.88,Medium,Tier 2,Supermarket Type2,17
10.82,No Sugar,0.034,Household,117.35,High,Tier 2,Supermarket Type1,39
9.88,Low Sugar,0.184,Canned,113.71,Small,Tier 3,Food Mart,28
10.23,No Sugar,0.012,Household,128.13,Medium,Tier 2,Supermarket Type2,17
8.25,Regular,0.031,Dairy,119.55,Small,Tier 3,Food Mart,28
10.31,Low Sugar,0.053,Dairy,104.76,Small,Tier 3,Food Mart,28
11.55,Low Sugar,0.038,Dairy,152.41,Medium,Tier 2,Supermarket Type2,17
11.05,No Sugar,0.073,Health and Hygiene,140.16,Medium,Tier 2,Supermarket Type2,17
8.88,Regular,0.021,Canned,156.71,Medium,Tier 2,Supermarket Type2,17
13.02,Regular,0.027,Fruits and Vegetables,141.9,Medium,Tier 2,Supermarket Type2,17
13.7,Regular,0.089,Baking Goods,152.91,Medium,Tier 2,Supermarket Type2,17
13.51,Low Sugar,0.048,Fruits and Vegetables,121.14,Medium,Tier 2,Supermarket Type2,17
12.8,Regular,0.017,Frozen Foods,160.56,Medium,Tier 2,Supermarket Type2,17
17.08,Low Sugar,0.076,Meat,173.23,Medium,Tier 1,Departmental Store,27
14.91,No Sugar,0.011,Household,141.66,Medium,Tier 2,Supermarket Type2,17
12.64,Low Sugar,0.12,Dairy,175.83,High,Tier 2,Supermarket Type1,39
11.8,Regular,0.016,Canned,156.64,Medium,Tier 2,Supermarket Type2,17
8.4,Low Sugar,0.14,Canned,96.48,Small,Tier 3,Food Mart,28
16.16,Low Sugar,0.042,Frozen Foods,156.21,Medium,Tier 1,Departmental Store,27
14.35,No Sugar,0.033,Health and Hygiene,172.76,Medium,Tier 1,Departmental Store,27
12.05,Low Sugar,0.235,Fruits and Vegetables,105.32,High,Tier 2,Supermarket Type1,39
12.15,Low Sugar,0.16,Canned,164.63,Medium,Tier 2,Supermarket Type2,17
15.9,Regular,0.172,Fruits and Vegetables,153.75,Medium,Tier 1,Departmental Store,27
13.49,No Sugar,0.068,Others,176.25,Medium,Tier 1,Departmental Store,27
15.66,Low Sugar,0.061,Frozen Foods,176.66,High,Tier 2,Supermarket Type1,39
15.59,Low Sugar,0.139,Baking Goods,158.35,Medium,Tier 1,Departmental Store,27
11.98,Regular,0.027,Fruits and Vegetables,156.32,Medium,Tier 2,Supermarket Type2,17
11.09,Regular,0.079,Fruits and Vegetables,116.91,High,Tier 2,Supermarket Type1,39
12.8,Low Sugar,0.039,Snack Foods,126.13,Medium,Tier 2,Supermarket Type2,17
15.04,Low Sugar,0.033,Dairy,160.02,Medium,Tier 1,Departmental Store,27
10.96,reg,0.076,Hard Drinks,106.63,Small,Tier 3,Food Mart,28
14.19,No Sugar,0.088,Health and Hygiene,129.3,Medium,Tier 2,Supermarket Type2,17
13.24,Regular,0.046,Baking Goods,114.53,Medium,Tier 2,Supermarket Type2,17
15.8,reg,0.021,Meat,200.97,Medium,Tier 1,Departmental Store,27
11.13,Low Sugar,0.123,Meat,100.02,Small,Tier 3,Food Mart,28
12.31,Low Sugar,0.008,Canned,166.58,Medium,Tier 2,Supermarket Type2,17
10.93,Regular,0.016,Meat,134.65,Medium,Tier 2,Supermarket Type2,17
9.24,Low Sugar,0.049,Breakfast,140.77,Medium,Tier 2,Supermarket Type2,17
13.6,Regular,0.029,Baking Goods,172.14,High,Tier 2,Supermarket Type1,39
10.57,Regular,0.11,Fruits and Vegetables,143.36,Medium,Tier 2,Supermarket Type2,17
15.46,Low Sugar,0.028,Frozen Foods,197.86,Medium,Tier 1,Departmental Store,27
12.42,Low Sugar,0.086,Fruits and Vegetables,143.96,Medium,Tier 2,Supermarket Type2,17
14.78,Low Sugar,0.118,Dairy,158.62,High,Tier 2,Supermarket Type1,39
11.15,Low Sugar,0.056,Baking Goods,106.33,Small,Tier 3,Food Mart,28
7.05,Low Sugar,0.038,Fruits and Vegetables,75.66,Small,Tier 3,Food Mart,28
14.31,No Sugar,0.102,Household,173.86,Medium,Tier 1,Departmental Store,27
14.05,No Sugar,0.03,Health and Hygiene,170.52,Medium,Tier 1,Departmental Store,27
14.21,Low Sugar,0.025,Snack Foods,175.34,Medium,Tier 1,Departmental Store,27
15.38,Regular,0.035,Dairy,114.98,Medium,Tier 2,Supermarket Type2,17
8.5,Low Sugar,0.074,Baking Goods,106.21,Small,Tier 3,Food Mart,28
8.91,No Sugar,0.025,Household,120.18,Small,Tier 3,Food Mart,28
12.87,Low Sugar,0.014,Soft Drinks,150.73,Medium,Tier 2,Supermarket Type2,17
15.06,Low Sugar,0.072,Meat,156.09,High,Tier 2,Supermarket Type1,39
10.71,Regular,0.03,Meat,150.8,Medium,Tier 2,Supermarket Type2,17
13.12,No Sugar,0.032,Household,132.45,Medium,Tier 2,Supermarket Type2,17
13.92,Low Sugar,0.099,Fruits and Vegetables,116.89,Medium,Tier 2,Supermarket Type2,17
14.92,No Sugar,0.062,Health and Hygiene,165.26,Medium,Tier 1,Departmental Store,27
14.76,Low Sugar,0.068,Frozen Foods,156.69,High,Tier 2,Supermarket Type1,39
13.6,Low Sugar,0.094,Baking Goods,157.98,Medium,Tier 2,Supermarket Type2,17
9.01,Low Sugar,0.084,Fruits and Vegetables,141.69,Medium,Tier 2,Supermarket Type2,17
12.06,Regular,0.053,Snack Foods,138.78,Medium,Tier 2,Supermarket Type2,17
15.77,Low Sugar,0.005,Canned,202.59,Medium,Tier 1,Departmental Store,27
15.36,Low Sugar,0.092,Fruits and Vegetables,194.09,Medium,Tier 1,Departmental Store,27
13.61,Low Sugar,0.195,Baking Goods,103.32,Medium,Tier 2,Supermarket Type2,17
14.32,Low Sugar,0.041,Baking Goods,200.93,High,Tier 2,Supermarket Type1,39
10.81,Regular,0.027,Frozen Foods,166.85,Medium,Tier 2,Supermarket Type2,17
13.44,Low Sugar,0.064,Breads,176.41,Medium,Tier 1,Departmental Store,27
12.9,Regular,0.154,Fruits and Vegetables,146.68,Medium,Tier 2,Supermarket Type2,17
13.19,Low Sugar,0.096,Frozen Foods,115.37,Medium,Tier 2,Supermarket Type2,17
15.33,No Sugar,0.162,Health and Hygiene,121.02,Medium,Tier 2,Supermarket Type2,17
14.73,Low Sugar,0.057,Baking Goods,165.92,High,Tier 2,Supermarket Type1,39
12.27,Low Sugar,0.043,Canned,133.74,Medium,Tier 2,Supermarket Type2,17
13.15,Regular,0.226,Seafood,125.91,Medium,Tier 2,Supermarket Type2,17
11.11,Low Sugar,0.123,Fruits and Vegetables,160.23,Medium,Tier 2,Supermarket Type2,17
12.85,Regular,0.076,Frozen Foods,107.58,Medium,Tier 2,Supermarket Type2,17
15.45,Low Sugar,0.038,Breads,191.67,Medium,Tier 1,Departmental Store,27
7.66,Regular,0.04,Breads,93.85,Small,Tier 3,Food Mart,28
6.79,Low Sugar,0.035,Baking Goods,105.37,Small,Tier 3,Food Mart,28
9.48,Low Sugar,0.052,Fruits and Vegetables,115.3,Small,Tier 3,Food Mart,28
14.53,Low Sugar,0.047,Meat,157.05,High,Tier 2,Supermarket Type1,39
14.35,Low Sugar,0.036,Baking Goods,214.45,Medium,Tier 1,Departmental Store,27
17.64,Low Sugar,0.015,Snack Foods,169.55,Medium,Tier 1,Departmental Store,27
10.96,Low Sugar,0.043,Baking Goods,123.47,Medium,Tier 2,Supermarket Type2,17
10.91,No Sugar,0.039,Household,112.81,High,Tier 2,Supermarket Type1,39
13.21,Low Sugar,0.053,Frozen Foods,165.58,Medium,Tier 2,Supermarket Type2,17
11.02,Low Sugar,0.023,Fruits and Vegetables,135.55,Medium,Tier 2,Supermarket Type2,17
12.55,Regular,0.036,Snack Foods,176.84,High,Tier 2,Supermarket Type1,39
11.45,Low Sugar,0.013,Fruits and Vegetables,166.86,Medium,Tier 2,Supermarket Type2,17
11.82,Regular,0.185,Frozen Foods,124.06,Medium,Tier 2,Supermarket Type2,17
10.16,Regular,0.141,Fruits and Vegetables,169.12,Medium,Tier 2,Supermarket Type2,17
8.71,Regular,0.033,Fruits and Vegetables,88.61,Medium,Tier 1,Departmental Store,27
8.72,Low Sugar,0.006,Baking Goods,124.98,Small,Tier 3,Food Mart,28
12.07,Low Sugar,0.108,Baking Goods,150.57,Medium,Tier 2,Supermarket Type2,17
11.75,No Sugar,0.077,Health and Hygiene,142.99,Medium,Tier 2,Supermarket Type2,17
11.16,No Sugar,0.077,Health and Hygiene,145.96,Medium,Tier 2,Supermarket Type2,17
12.41,Regular,0.065,Dairy,181.36,High,Tier 2,Supermarket Type1,39
8.05,Regular,0.018,Dairy,120.86,Small,Tier 3,Food Mart,28
15.68,Regular,0.013,Soft Drinks,154.19,Medium,Tier 1,Departmental Store,27
14.48,Regular,0.095,Frozen Foods,152.25,Medium,Tier 2,Supermarket Type2,17
9.15,Regular,0.106,Hard Drinks,104.7,Small,Tier 3,Food Mart,28
14.55,No Sugar,0.05,Household,147.2,Medium,Tier 2,Supermarket Type2,17
15.07,Low Sugar,0.097,Canned,225.32,Medium,Tier 1,Departmental Store,27
12.33,Low Sugar,0.027,Dairy,146.0,Medium,Tier 2,Supermarket Type2,17
13.89,Regular,0.034,Baking Goods,161.36,High,Tier 2,Supermarket Type1,39
13.87,Low Sugar,0.038,Soft Drinks,143.86,Medium,Tier 2,Supermarket Type2,17
8.3,Low Sugar,0.16,Canned,146.59,High,Tier 2,Supermarket Type1,39
11.49,Regular,0.041,Fruits and Vegetables,81.78,Small,Tier 3,Food Mart,28
12.66,No Sugar,0.129,Health and Hygiene,136.52,Medium,Tier 2,Supermarket Type2,17
11.12,No Sugar,0.137,Health and Hygiene,99.28,Small,Tier 3,Food Mart,28
11.98,No Sugar,0.024,Others,144.92,Medium,Tier 2,Supermarket Type2,17
13.68,Low Sugar,0.033,Hard Drinks,141.99,Medium,Tier 2,Supermarket Type2,17
14.27,Low Sugar,0.105,Canned,145.12,Medium,Tier 2,Supermarket Type2,17
13.96,No Sugar,0.131,Household,185.91,High,Tier 2,Supermarket Type1,39
13.18,No Sugar,0.019,Health and Hygiene,133.88,Medium,Tier 2,Supermarket Type2,17
15.28,Low Sugar,0.01,Fruits and Vegetables,139.0,Medium,Tier 2,Supermarket Type2,17
15.18,Low Sugar,0.052,Dairy,187.91,High,Tier 2,Supermarket Type1,39
11.73,No Sugar,0.042,Household,166.45,Medium,Tier 2,Supermarket Type2,17
12.62,No Sugar,0.096,Household,192.26,Medium,Tier 1,Departmental Store,27
10.95,Low Sugar,0.073,Baking Goods,97.16,Small,Tier 3,Food Mart,28
8.14,Low Sugar,0.038,Soft Drinks,95.75,Small,Tier 3,Food Mart,28
13.41,No Sugar,0.016,Household,198.07,High,Tier 2,Supermarket Type1,39
12.57,Regular,0.097,Fruits and Vegetables,164.67,Medium,Tier 2,Supermarket Type2,17
13.2,Low Sugar,0.119,Meat,129.96,Medium,Tier 2,Supermarket Type2,17
11.88,Regular,0.142,Baking Goods,67.8,Small,Tier 3,Food Mart,28
12.59,Regular,0.067,Fruits and Vegetables,153.51,Medium,Tier 2,Supermarket Type2,17
11.55,Low Sugar,0.128,Snack Foods,178.19,Medium,Tier 2,Supermarket Type2,17
17.4,Low Sugar,0.021,Fruits and Vegetables,186.39,Medium,Tier 1,Departmental Store,27
13.07,Low Sugar,0.017,Snack Foods,122.22,Medium,Tier 2,Supermarket Type2,17
11.82,Low Sugar,0.175,Fruits and Vegetables,110.51,Medium,Tier 2,Supermarket Type2,17
8.99,Regular,0.123,Meat,176.56,Medium,Tier 2,Supermarket Type2,17
15.28,Low Sugar,0.083,Seafood,153.71,High,Tier 2,Supermarket Type1,39
15.73,Low Sugar,0.128,Frozen Foods,157.51,Medium,Tier 1,Departmental Store,27
10.88,Low Sugar,0.124,Snack Foods,121.85,Medium,Tier 2,Supermarket Type2,17
12.38,Low Sugar,0.045,Hard Drinks,132.33,Medium,Tier 2,Supermarket Type2,17
9.86,Low Sugar,0.061,Baking Goods,157.14,Medium,Tier 2,Supermarket Type2,17
13.99,No Sugar,0.031,Household,175.17,Medium,Tier 1,Departmental Store,27
12.29,No Sugar,0.141,Household,154.65,Medium,Tier 2,Supermarket Type2,17
10.81,reg,0.144,Dairy,134.48,Medium,Tier 2,Supermarket Type2,17
13.8,Low Sugar,0.122,Soft Drinks,142.85,Medium,Tier 2,Supermarket Type2,17
13.15,Regular,0.007,Frozen Foods,140.49,Medium,Tier 2,Supermarket Type2,17
11.2,Regular,0.1,Snack Foods,143.59,Medium,Tier 2,Supermarket Type2,17
13.02,reg,0.14,Baking Goods,110.07,Medium,Tier 2,Supermarket Type2,17
11.43,Regular,0.12,Dairy,84.85,Small,Tier 3,Food Mart,28
13.16,Low Sugar,0.176,Canned,122.52,Medium,Tier 2,Supermarket Type2,17
14.34,Regular,0.14,Snack Foods,114.4,Medium,Tier 2,Supermarket Type2,17
7.15,Regular,0.049,Fruits and Vegetables,90.89,Small,Tier 3,Food Mart,28
10.08,Regular,0.025,Canned,203.46,High,Tier 2,Supermarket Type1,39
14.72,Low Sugar,0.046,Dairy,161.55,Medium,Tier 1,Departmental Store,27
12.68,No Sugar,0.117,Health and Hygiene,144.61,Medium,Tier 2,Supermarket Type2,17
10.88,No Sugar,0.036,Health and Hygiene,152.84,Medium,Tier 2,Supermarket Type2,17
16.34,Low Sugar,0.024,Fruits and Vegetables,165.12,High,Tier 2,Supermarket Type1,39
13.71,No Sugar,0.113,Household,152.88,Medium,Tier 1,Departmental Store,27
15.29,Low Sugar,0.143,Baking Goods,143.19,Medium,Tier 2,Supermarket Type2,17
9.45,Regular,0.045,Hard Drinks,132.32,High,Tier 2,Supermarket Type1,39
11.95,Low Sugar,0.12,Frozen Foods,127.05,Medium,Tier 2,Supermarket Type2,17
8.28,No Sugar,0.172,Household,116.59,Small,Tier 3,Food Mart,28
20.22,Low Sugar,0.05,Baking Goods,210.05,Medium,Tier 1,Departmental Store,27
10.71,Low Sugar,0.04,Fruits and Vegetables,86.44,Small,Tier 3,Food Mart,28
16.17,Regular,0.107,Meat,199.44,Medium,Tier 1,Departmental Store,27
13.97,Regular,0.057,Fruits and Vegetables,155.49,Medium,Tier 2,Supermarket Type2,17
14.14,Low Sugar,0.099,Canned,134.82,Small,Tier 3,Food Mart,28
12.97,Low Sugar,0.122,Frozen Foods,153.37,Medium,Tier 2,Supermarket Type2,17
9.7,Low Sugar,0.098,Dairy,153.88,Medium,Tier 2,Supermarket Type2,17
10.88,No Sugar,0.052,Health and Hygiene,124.46,Medium,Tier 2,Supermarket Type2,17
8.44,Low Sugar,0.151,Meat,127.75,Small,Tier 3,Food Mart,28
12.65,Low Sugar,0.047,Fruits and Vegetables,129.27,Medium,Tier 2,Supermarket Type2,17
14.28,Regular,0.191,Frozen Foods,172.08,Medium,Tier 1,Departmental Store,27
7.15,Low Sugar,0.028,Snack Foods,139.85,Small,Tier 3,Food Mart,28
15.17,Low Sugar,0.089,Snack Foods,197.17,Medium,Tier 1,Departmental Store,27
12.88,Low Sugar,0.174,Soft Drinks,134.97,Medium,Tier 2,Supermarket Type2,17
13.63,Low Sugar,0.032,Fruits and Vegetables,141.17,Medium,Tier 2,Supermarket Type2,17
9.51,Low Sugar,0.143,Snack Foods,166.46,Medium,Tier 2,Supermarket Type2,17
18.33,Regular,0.057,Baking Goods,166.37,Medium,Tier 1,Departmental Store,27
12.13,Low Sugar,0.039,Canned,131.83,Medium,Tier 2,Supermarket Type2,17
13.36,No Sugar,0.037,Health and Hygiene,133.38,Medium,Tier 2,Supermarket Type2,17
14.24,Low Sugar,0.161,Baking Goods,157.3,High,Tier 2,Supermarket Type1,39
13.53,Low Sugar,0.015,Breads,137.46,Medium,Tier 2,Supermarket Type2,17
13.15,Regular,0.064,Soft Drinks,200.71,High,Tier 2,Supermarket Type1,39
15.0,Low Sugar,0.063,Meat,180.59,High,Tier 2,Supermarket Type1,39
11.45,Regular,0.131,Snack Foods,159.65,Medium,Tier 2,Supermarket Type2,17
11.15,Regular,0.058,Canned,101.35,Small,Tier 3,Food Mart,28
14.5,No Sugar,0.114,Others,140.78,Medium,Tier 2,Supermarket Type2,17
9.05,Low Sugar,0.033,Snack Foods,136.87,High,Tier 2,Supermarket Type1,39
15.7,No Sugar,0.025,Household,157.42,Medium,Tier 1,Departmental Store,27
11.44,No Sugar,0.085,Household,101.11,Small,Tier 3,Food Mart,28
16.58,Low Sugar,0.064,Frozen Foods,171.9,Medium,Tier 1,Departmental Store,27
8.89,No Sugar,0.169,Household,154.83,Medium,Tier 2,Supermarket Type2,17
13.16,Low Sugar,0.086,Snack Foods,139.58,Medium,Tier 2,Supermarket Type2,17
13.26,Low Sugar,0.023,Fruits and Vegetables,152.64,Medium,Tier 2,Supermarket Type2,17
12.99,No Sugar,0.123,Household,155.05,Medium,Tier 2,Supermarket Type2,17
10.3,reg,0.174,Soft Drinks,179.08,Medium,Tier 2,Supermarket Type2,17
16.02,Low Sugar,0.088,Fruits and Vegetables,199.75,Medium,Tier 1,Departmental Store,27
11.43,Low Sugar,0.004,Fruits and Vegetables,163.28,Medium,Tier 2,Supermarket Type2,17
11.1,Regular,0.085,Baking Goods,120.36,Medium,Tier 2,Supermarket Type2,17
12.72,Low Sugar,0.094,Fruits and Vegetables,202.75,High,Tier 2,Supermarket Type1,39
11.14,Low Sugar,0.021,Meat,160.4,Medium,Tier 2,Supermarket Type2,17
8.68,No Sugar,0.036,Others,126.2,Small,Tier 3,Food Mart,28
12.83,No Sugar,0.01,Household,190.06,Medium,Tier 1,Departmental Store,27
12.51,Regular,0.058,Soft Drinks,154.73,Medium,Tier 2,Supermarket Type2,17
12.95,Low Sugar,0.039,Frozen Foods,164.93,Medium,Tier 2,Supermarket Type2,17
15.56,Regular,0.04,Canned,148.73,High,Tier 2,Supermarket Type1,39
8.38,Low Sugar,0.064,Breads,109.73,Small,Tier 3,Food Mart,28
10.27,No Sugar,0.136,Household,89.17,Small,Tier 3,Food Mart,28
15.19,Low Sugar,0.04,Baking Goods,169.5,Medium,Tier 1,Departmental Store,27
10.87,Regular,0.089,Meat,149.85,Medium,Tier 2,Supermarket Type2,17
13.71,Regular,0.117,Dairy,142.45,Medium,Tier 2,Supermarket Type2,17
12.61,Low Sugar,0.016,Breakfast,120.22,Medium,Tier 2,Supermarket Type2,17
9.21,Regular,0.064,Frozen Foods,124.82,Small,Tier 3,Food Mart,28
11.5,Regular,0.036,Baking Goods,121.36,Medium,Tier 2,Supermarket Type2,17
12.54,Regular,0.157,Baking Goods,105.25,Medium,Tier 2,Supermarket Type2,17
13.15,Low Sugar,0.14,Soft Drinks,151.01,Medium,Tier 2,Supermarket Type2,17
12.53,Regular,0.014,Breakfast,110.43,Medium,Tier 2,Supermarket Type2,17
10.29,Low Sugar,0.089,Soft Drinks,145.67,Medium,Tier 2,Supermarket Type2,17
11.98,Low Sugar,0.16,Baking Goods,160.48,Medium,Tier 2,Supermarket Type2,17
16.67,Regular,0.129,Fruits and Vegetables,168.79,High,Tier 2,Supermarket Type1,39
11.88,Low Sugar,0.024,Dairy,94.13,Small,Tier 3,Food Mart,28
10.57,No Sugar,0.084,Household,195.53,Medium,Tier 2,Supermarket Type2,17
10.93,Low Sugar,0.013,Soft Drinks,66.73,Small,Tier 3,Food Mart,28
11.73,No Sugar,0.015,Household,170.07,Medium,Tier 2,Supermarket Type2,17
12.21,No Sugar,0.035,Health and Hygiene,120.86,Medium,Tier 2,Supermarket Type2,17
12.71,Regular,0.132,Starchy Foods,125.12,Medium,Tier 2,Supermarket Type2,17
14.06,Low Sugar,0.083,Snack Foods,143.26,Medium,Tier 2,Supermarket Type2,17
13.23,No Sugar,0.089,Others,147.24,Medium,Tier 2,Supermarket Type2,17
15.19,Regular,0.105,Soft Drinks,176.78,High,Tier 2,Supermarket Type1,39
13.96,Low Sugar,0.13,Breads,158.05,Medium,Tier 2,Supermarket Type2,17
11.95,Low Sugar,0.047,Canned,162.43,Medium,Tier 1,Departmental Store,27
11.42,Regular,0.103,Fruits and Vegetables,139.09,Medium,Tier 2,Supermarket Type2,17
7.78,Low Sugar,0.033,Canned,84.71,Small,Tier 3,Food Mart,28
11.59,Low Sugar,0.009,Fruits and Vegetables,170.3,Medium,Tier 2,Supermarket Type2,17
12.01,Low Sugar,0.142,Dairy,151.9,Medium,Tier 2,Supermarket Type2,17
15.28,No Sugar,0.015,Household,223.92,Medium,Tier 1,Departmental Store,27
14.87,No Sugar,0.017,Others,157.82,High,Tier 2,Supermarket Type1,39
9.84,Low Sugar,0.032,Fruits and Vegetables,103.94,Small,Tier 3,Food Mart,28
10.39,Low Sugar,0.172,Canned,122.25,High,Tier 2,Supermarket Type1,39
12.87,Low Sugar,0.033,Soft Drinks,152.44,Medium,Tier 2,Supermarket Type2,17
12.92,Regular,0.191,Dairy,161.6,Medium,Tier 2,Supermarket Type2,17
15.66,Regular,0.104,Dairy,170.31,High,Tier 2,Supermarket Type1,39
12.38,Regular,0.046,Baking Goods,159.32,Medium,Tier 2,Supermarket Type2,17
12.31,Low Sugar,0.023,Snack Foods,140.68,Medium,Tier 2,Supermarket Type2,17
12.77,Low Sugar,0.019,Snack Foods,117.92,Medium,Tier 2,Supermarket Type2,17
13.54,Regular,0.12,Meat,151.43,Medium,Tier 2,Supermarket Type2,17
11.37,Regular,0.024,Meat,179.25,Medium,Tier 2,Supermarket Type2,17
13.67,Low Sugar,0.031,Canned,129.94,Medium,Tier 2,Supermarket Type2,17
11.26,Regular,0.076,Fruits and Vegetables,116.37,Medium,Tier 2,Supermarket Type2,17
22.0,No Sugar,0.06,Household,266.0,Medium,Tier 1,Departmental Store,27
13.85,Low Sugar,0.047,Dairy,169.13,High,Tier 2,Supermarket Type1,39
16.79,Low Sugar,0.038,Fruits and Vegetables,189.92,Medium,Tier 1,Departmental Store,27
13.86,Low Sugar,0.168,Snack Foods,181.28,Medium,Tier 1,Departmental Store,27
13.07,Low Sugar,0.104,Snack Foods,148.16,Medium,Tier 2,Supermarket Type2,17
12.26,Low Sugar,0.157,Dairy,133.14,Medium,Tier 2,Supermarket Type2,17
11.44,Regular,0.054,Fruits and Vegetables,113.44,High,Tier 2,Supermarket Type1,39
15.61,No Sugar,0.102,Household,143.44,High,Tier 2,Supermarket Type1,39
17.62,Regular,0.032,Soft Drinks,186.17,Medium,Tier 1,Departmental Store,27
11.01,Regular,0.104,Dairy,142.32,Medium,Tier 2,Supermarket Type2,17
12.6,Low Sugar,0.025,Snack Foods,157.47,Medium,Tier 2,Supermarket Type2,17
11.95,Low Sugar,0.017,Dairy,147.26,Medium,Tier 2,Supermarket Type2,17
16.81,Low Sugar,0.08,Soft Drinks,199.09,Medium,Tier 1,Departmental Store,27
10.39,Low Sugar,0.145,Seafood,128.78,Medium,Tier 2,Supermarket Type2,17
13.65,Low Sugar,0.096,Frozen Foods,155.42,Medium,Tier 2,Supermarket Type2,17
12.25,Low Sugar,0.04,Canned,160.42,Medium,Tier 2,Supermarket Type2,17
11.68,Low Sugar,0.03,Baking Goods,172.02,Medium,Tier 2,Supermarket Type2,17
8.81,Low Sugar,0.018,Frozen Foods,118.11,Small,Tier 3,Food Mart,28
11.94,No Sugar,0.048,Household,162.52,Medium,Tier 2,Supermarket Type2,17
8.76,Regular,0.024,Meat,139.86,High,Tier 2,Supermarket Type1,39
12.52,No Sugar,0.041,Health and Hygiene,190.87,Medium,Tier 1,Departmental Store,27
13.51,Low Sugar,0.131,Dairy,131.84,Medium,Tier 2,Supermarket Type2,17
9.33,Regular,0.021,Baking Goods,141.68,Medium,Tier 2,Supermarket Type2,17
14.95,No Sugar,0.048,Others,148.96,High,Tier 2,Supermarket Type1,39
14.27,Regular,0.121,Snack Foods,163.9,High,Tier 2,Supermarket Type1,39
11.67,Regular,0.157,Canned,140.96,Medium,Tier 2,Supermarket Type2,17
15.51,Low Sugar,0.035,Canned,163.51,Medium,Tier 1,Departmental Store,27
14.2,No Sugar,0.084,Others,176.23,Medium,Tier 1,Departmental Store,27
13.94,No Sugar,0.04,Health and Hygiene,145.02,Medium,Tier 2,Supermarket Type2,17
15.31,No Sugar,0.157,Health and Hygiene,213.81,Medium,Tier 1,Departmental Store,27
11.07,Low Sugar,0.091,Meat,102.25,Medium,Tier 1,Departmental Store,27
11.04,Low Sugar,0.084,Baking Goods,130.24,Medium,Tier 2,Supermarket Type2,17
12.54,Low Sugar,0.075,Breakfast,144.1,Medium,Tier 2,Supermarket Type2,17
11.56,Regular,0.039,Snack Foods,152.18,Medium,Tier 2,Supermarket Type2,17
17.55,No Sugar,0.02,Household,174.58,Medium,Tier 1,Departmental Store,27
14.87,No Sugar,0.13,Household,184.9,High,Tier 2,Supermarket Type1,39
12.71,Low Sugar,0.039,Fruits and Vegetables,154.18,Medium,Tier 2,Supermarket Type2,17
11.66,Regular,0.094,Canned,145.99,Medium,Tier 2,Supermarket Type2,17
9.19,Low Sugar,0.058,Fruits and Vegetables,85.26,Small,Tier 3,Food Mart,28
11.34,Low Sugar,0.047,Frozen Foods,72.61,Small,Tier 3,Food Mart,28
12.72,Regular,0.245,Fruits and Vegetables,117.19,Medium,Tier 2,Supermarket Type2,17
8.76,Regular,0.053,Snack Foods,104.89,Small,Tier 3,Food Mart,28
11.81,Low Sugar,0.064,Dairy,128.04,Medium,Tier 2,Supermarket Type2,17
11.09,Regular,0.025,Soft Drinks,118.29,Medium,Tier 2,Supermarket Type2,17
13.43,Regular,0.044,Baking Goods,160.21,Medium,Tier 2,Supermarket Type2,17
15.82,Low Sugar,0.049,Soft Drinks,117.06,Medium,Tier 2,Supermarket Type2,17
15.56,Low Sugar,0.064,Frozen Foods,141.09,Medium,Tier 2,Supermarket Type2,17
14.57,Low Sugar,0.149,Fruits and Vegetables,182.01,High,Tier 2,Supermarket Type1,39
10.63,Regular,0.061,Snack Foods,120.25,High,Tier 2,Supermarket Type1,39
11.47,Regular,0.081,Baking Goods,205.41,Medium,Tier 1,Departmental Store,27
11.07,No Sugar,0.063,Household,175.61,Medium,Tier 2,Supermarket Type2,17
11.19,Regular,0.084,Fruits and Vegetables,141.67,Medium,Tier 2,Supermarket Type2,17
11.34,No Sugar,0.075,Household,177.47,Medium,Tier 2,Supermarket Type2,17
14.47,reg,0.024,Meat,191.08,High,Tier 2,Supermarket Type1,39
15.44,Low Sugar,0.052,Frozen Foods,167.26,Medium,Tier 1,Departmental Store,27
15.75,Regular,0.066,Fruits and Vegetables,126.59,Medium,Tier 2,Supermarket Type2,17
15.25,No Sugar,0.04,Household,137.67,Medium,Tier 2,Supermarket Type2,17
11.23,Low Sugar,0.079,Snack Foods,124.94,Medium,Tier 2,Supermarket Type2,17
14.97,Low Sugar,0.083,Frozen Foods,167.28,Medium,Tier 1,Departmental Store,27
11.8,Low Sugar,0.036,Seafood,142.71,Medium,Tier 2,Supermarket Type2,17
10.97,No Sugar,0.082,Health and Hygiene,168.37,Medium,Tier 2,Supermarket Type2,17
11.34,Low Sugar,0.105,Fruits and Vegetables,131.68,Medium,Tier 2,Supermarket Type2,17
9.41,Low Sugar,0.085,Fruits and Vegetables,118.3,Small,Tier 3,Food Mart,28
9.67,Low Sugar,0.035,Frozen Foods,120.82,Small,Tier 3,Food Mart,28
14.95,Regular,0.011,Breakfast,144.16,Medium,Tier 2,Supermarket Type2,17
17.99,No Sugar,0.049,Household,174.94,Medium,Tier 1,Departmental Store,27
13.52,Low Sugar,0.026,Dairy,198.73,High,Tier 2,Supermarket Type1,39
10.98,Regular,0.023,Dairy,143.26,Medium,Tier 2,Supermarket Type2,17
16.29,Low Sugar,0.111,Fruits and Vegetables,160.6,High,Tier 2,Supermarket Type1,39
12.18,No Sugar,0.125,Household,126.97,Medium,Tier 2,Supermarket Type2,17
11.28,No Sugar,0.089,Health and Hygiene,146.22,Medium,Tier 2,Supermarket Type2,17
11.18,Low Sugar,0.015,Soft Drinks,170.89,Medium,Tier 2,Supermarket Type2,17
12.51,Low Sugar,0.049,Snack Foods,158.38,Medium,Tier 2,Supermarket Type2,17
15.83,Regular,0.113,Dairy,127.93,Medium,Tier 2,Supermarket Type2,17
15.6,Regular,0.175,Frozen Foods,206.47,Medium,Tier 1,Departmental Store,27
13.98,Low Sugar,0.103,Baking Goods,147.47,Medium,Tier 2,Supermarket Type2,17
10.64,No Sugar,0.117,Health and Hygiene,116.07,High,Tier 2,Supermarket Type1,39
12.64,No Sugar,0.073,Household,120.03,Medium,Tier 2,Supermarket Type2,17
12.27,Low Sugar,0.049,Snack Foods,176.87,Medium,Tier 2,Supermarket Type2,17
15.11,Regular,0.053,Snack Foods,183.43,High,Tier 2,Supermarket Type1,39
12.08,Low Sugar,0.185,Dairy,110.34,Medium,Tier 2,Supermarket Type2,17
10.61,Low Sugar,0.064,Snack Foods,115.36,High,Tier 2,Supermarket Type1,39
14.82,No Sugar,0.052,Household,188.3,High,Tier 2,Supermarket Type1,39
14.94,Low Sugar,0.049,Snack Foods,166.17,Medium,Tier 1,Departmental Store,27
10.05,Regular,0.115,Dairy,113.76,Small,Tier 3,Food Mart,28
11.73,Regular,0.109,Dairy,152.42,Medium,Tier 2,Supermarket Type2,17
13.23,Low Sugar,0.021,Frozen Foods,107.87,Medium,Tier 2,Supermarket Type2,17
15.58,Regular,0.046,Frozen Foods,186.63,High,Tier 2,Supermarket Type1,39
11.38,No Sugar,0.082,Health and Hygiene,161.73,Medium,Tier 2,Supermarket Type2,17
17.72,Low Sugar,0.018,Frozen Foods,147.71,High,Tier 2,Supermarket Type1,39
10.53,Low Sugar,0.024,Meat,89.82,Small,Tier 3,Food Mart,28
11.62,Low Sugar,0.059,Canned,144.32,Medium,Tier 2,Supermarket Type2,17
9.45,Low Sugar,0.049,Fruits and Vegetables,146.25,Medium,Tier 2,Supermarket Type2,17
15.65,No Sugar,0.051,Health and Hygiene,143.97,High,Tier 2,Supermarket Type1,39
13.48,Low Sugar,0.02,Frozen Foods,184.19,Medium,Tier 1,Departmental Store,27
13.11,Low Sugar,0.068,Hard Drinks,162.07,Medium,Tier 2,Supermarket Type2,17
13.95,Regular,0.122,Seafood,190.21,High,Tier 2,Supermarket Type1,39
11.59,Low Sugar,0.108,Fruits and Vegetables,139.98,Medium,Tier 2,Supermarket Type2,17
11.54,No Sugar,0.034,Health and Hygiene,123.58,Medium,Tier 1,Departmental Store,27
16.15,Low Sugar,0.171,Frozen Foods,202.51,Medium,Tier 1,Departmental Store,27
17.81,Low Sugar,0.027,Starchy Foods,250.57,Medium,Tier 1,Departmental Store,27
10.43,Low Sugar,0.063,Breakfast,123.97,High,Tier 2,Supermarket Type1,39
14.79,Low Sugar,0.105,Fruits and Vegetables,200.0,Medium,Tier 1,Departmental Store,27
12.27,Regular,0.047,Dairy,115.22,Medium,Tier 2,Supermarket Type2,17
13.89,Low Sugar,0.032,Frozen Foods,162.95,High,Tier 2,Supermarket Type1,39
9.56,Low Sugar,0.081,Canned,110.56,Small,Tier 3,Food Mart,28
10.19,Low Sugar,0.036,Dairy,196.33,Medium,Tier 2,Supermarket Type2,17
11.04,Low Sugar,0.027,Baking Goods,139.45,Medium,Tier 2,Supermarket Type2,17
17.02,Regular,0.068,Snack Foods,154.38,High,Tier 2,Supermarket Type1,39
9.95,Low Sugar,0.066,Fruits and Vegetables,133.7,Medium,Tier 2,Supermarket Type2,17
11.15,Low Sugar,0.047,Dairy,161.31,Medium,Tier 2,Supermarket Type2,17
12.09,Low Sugar,0.038,Breads,166.41,Medium,Tier 2,Supermarket Type2,17
12.24,No Sugar,0.094,Household,122.26,Medium,Tier 2,Supermarket Type2,17
12.46,Low Sugar,0.097,Hard Drinks,91.54,Small,Tier 3,Food Mart,28
15.17,Low Sugar,0.184,Baking Goods,140.35,Medium,Tier 1,Departmental Store,27
6.77,Low Sugar,0.032,Meat,75.21,Small,Tier 3,Food Mart,28
13.08,Low Sugar,0.096,Frozen Foods,162.83,Medium,Tier 2,Supermarket Type2,17
13.17,Low Sugar,0.031,Canned,168.88,High,Tier 2,Supermarket Type1,39
12.49,No Sugar,0.021,Health and Hygiene,127.31,Medium,Tier 2,Supermarket Type2,17
13.63,No Sugar,0.035,Health and Hygiene,194.16,High,Tier 2,Supermarket Type1,39
11.76,Low Sugar,0.053,Frozen Foods,145.08,Medium,Tier 2,Supermarket Type2,17
11.44,Low Sugar,0.085,Meat,110.21,High,Tier 2,Supermarket Type1,39
13.36,Low Sugar,0.026,Snack Foods,173.03,High,Tier 2,Supermarket Type1,39
12.58,Low Sugar,0.18,Snack Foods,140.68,Medium,Tier 2,Supermarket Type2,17
12.9,Low Sugar,0.021,Fruits and Vegetables,151.14,Medium,Tier 2,Supermarket Type2,17
13.38,No Sugar,0.092,Health and Hygiene,99.68,Medium,Tier 2,Supermarket Type2,17
9.77,Regular,0.052,Meat,83.51,Small,Tier 3,Food Mart,28
14.33,Regular,0.017,Snack Foods,160.39,High,Tier 2,Supermarket Type1,39
13.78,Low Sugar,0.027,Fruits and Vegetables,129.13,Medium,Tier 2,Supermarket Type2,17
12.3,Low Sugar,0.022,Baking Goods,86.48,Small,Tier 3,Food Mart,28
15.52,Low Sugar,0.122,Dairy,138.6,Medium,Tier 2,Supermarket Type2,17
13.94,Low Sugar,0.133,Snack Foods,150.89,Medium,Tier 2,Supermarket Type2,17
15.76,Regular,0.153,Meat,207.02,Medium,Tier 1,Departmental Store,27
10.35,Low Sugar,0.1,Snack Foods,130.27,Medium,Tier 2,Supermarket Type2,17
16.87,Low Sugar,0.047,Baking Goods,171.9,Medium,Tier 1,Departmental Store,27
17.56,Regular,0.027,Fruits and Vegetables,169.6,Medium,Tier 1,Departmental Store,27
13.14,Low Sugar,0.12,Soft Drinks,161.09,Medium,Tier 2,Supermarket Type2,17
11.15,Low Sugar,0.117,Meat,118.02,Medium,Tier 2,Supermarket Type2,17
8.7,Regular,0.061,Soft Drinks,108.88,Small,Tier 3,Food Mart,28
13.46,Regular,0.033,Baking Goods,129.62,Medium,Tier 2,Supermarket Type2,17
10.42,Regular,0.027,Dairy,168.04,Medium,Tier 2,Supermarket Type2,17
13.3,Regular,0.128,Snack Foods,151.15,Medium,Tier 2,Supermarket Type2,17
10.89,Low Sugar,0.014,Fruits and Vegetables,105.7,Small,Tier 3,Food Mart,28
11.58,Regular,0.172,Dairy,99.03,Small,Tier 3,Food Mart,28
13.43,Low Sugar,0.107,Snack Foods,139.13,Medium,Tier 2,Supermarket Type2,17
12.94,No Sugar,0.029,Health and Hygiene,133.07,Medium,Tier 2,Supermarket Type2,17
15.47,Low Sugar,0.079,Snack Foods,145.72,High,Tier 2,Supermarket Type1,39
9.07,Low Sugar,0.096,Meat,154.13,Medium,Tier 2,Supermarket Type2,17
13.95,Low Sugar,0.032,Snack Foods,176.73,Medium,Tier 1,Departmental Store,27
18.16,Regular,0.072,Soft Drinks,186.64,Medium,Tier 1,Departmental Store,27
13.07,Low Sugar,0.034,Starchy Foods,183.87,Medium,Tier 1,Departmental Store,27
12.71,Low Sugar,0.029,Canned,145.61,Medium,Tier 2,Supermarket Type2,17
13.12,Regular,0.113,Canned,132.67,Medium,Tier 2,Supermarket Type2,17
14.02,Low Sugar,0.054,Canned,156.62,Medium,Tier 2,Supermarket Type2,17
13.8,Low Sugar,0.092,Meat,152.42,Medium,Tier 2,Supermarket Type2,17
10.49,Regular,0.031,Fruits and Vegetables,151.06,Medium,Tier 2,Supermarket Type2,17
11.48,Low Sugar,0.07,Snack Foods,90.06,Small,Tier 3,Food Mart,28
12.35,Low Sugar,0.085,Baking Goods,137.31,Medium,Tier 2,Supermarket Type2,17
13.95,Regular,0.035,Soft Drinks,166.78,High,Tier 2,Supermarket Type1,39
17.02,Regular,0.062,Fruits and Vegetables,204.33,Medium,Tier 1,Departmental Store,27
10.25,Regular,0.133,Fruits and Vegetables,129.67,Medium,Tier 2,Supermarket Type2,17
14.66,Low Sugar,0.006,Fruits and Vegetables,167.38,Medium,Tier 1,Departmental Store,27
7.76,No Sugar,0.026,Health and Hygiene,74.92,Small,Tier 3,Food Mart,28
10.5,Low Sugar,0.147,Frozen Foods,119.81,High,Tier 2,Supermarket Type1,39
8.2,Low Sugar,0.114,Canned,171.96,Medium,Tier 2,Supermarket Type2,17
12.33,Regular,0.021,Meat,149.26,Medium,Tier 2,Supermarket Type2,17
7.24,No Sugar,0.058,Health and Hygiene,61.15,Small,Tier 3,Food Mart,28
16.54,Low Sugar,0.144,Dairy,171.43,Medium,Tier 1,Departmental Store,27
13.48,Regular,0.044,Fruits and Vegetables,105.11,Medium,Tier 2,Supermarket Type2,17
12.51,Low Sugar,0.078,Snack Foods,129.25,Medium,Tier 2,Supermarket Type2,17
13.63,Low Sugar,0.021,Fruits and Vegetables,156.67,Medium,Tier 2,Supermarket Type2,17
12.51,No Sugar,0.073,Household,169.48,Medium,Tier 2,Supermarket Type2,17
14.87,Low Sugar,0.062,Baking Goods,142.02,Medium,Tier 2,Supermarket Type2,17
10.5,Low Sugar,0.036,Hard Drinks,144.82,Medium,Tier 2,Supermarket Type2,17
10.72,Low Sugar,0.091,Frozen Foods,151.02,Medium,Tier 2,Supermarket Type2,17
15.01,No Sugar,0.163,Others,164.5,Medium,Tier 1,Departmental Store,27
12.82,Low Sugar,0.036,Fruits and Vegetables,167.49,Medium,Tier 2,Supermarket Type2,17
17.05,Low Sugar,0.051,Fruits and Vegetables,175.44,Medium,Tier 1,Departmental Store,27
13.79,Low Sugar,0.015,Fruits and Vegetables,133.92,Medium,Tier 2,Supermarket Type2,17
10.06,Low Sugar,0.054,Starchy Foods,158.21,Medium,Tier 2,Supermarket Type2,17
15.71,Regular,0.053,Frozen Foods,140.71,High,Tier 2,Supermarket Type1,39
10.65,Low Sugar,0.251,Breads,144.18,Medium,Tier 2,Supermarket Type2,17
15.16,Low Sugar,0.079,Baking Goods,145.48,Medium,Tier 2,Supermarket Type2,17
17.28,Low Sugar,0.098,Frozen Foods,176.49,Medium,Tier 1,Departmental Store,27
12.77,Regular,0.076,Snack Foods,132.17,Medium,Tier 2,Supermarket Type2,17
14.05,Low Sugar,0.193,Frozen Foods,168.72,Medium,Tier 1,Departmental Store,27
13.25,No Sugar,0.154,Household,179.2,Medium,Tier 1,Departmental Store,27
15.98,Regular,0.091,Dairy,170.85,Medium,Tier 1,Departmental Store,27
7.89,Low Sugar,0.113,Snack Foods,135.12,Small,Tier 3,Food Mart,28
16.37,Regular,0.037,Snack Foods,166.25,High,Tier 2,Supermarket Type1,39
15.98,Regular,0.072,Dairy,139.19,High,Tier 2,Supermarket Type1,39
12.68,Low Sugar,0.065,Meat,153.71,Medium,Tier 2,Supermarket Type2,17
13.07,Low Sugar,0.123,Fruits and Vegetables,144.68,Medium,Tier 2,Supermarket Type2,17
15.07,Low Sugar,0.021,Snack Foods,146.96,Medium,Tier 2,Supermarket Type2,17
14.07,Low Sugar,0.103,Dairy,125.86,Medium,Tier 2,Supermarket Type2,17
10.47,Regular,0.062,Canned,187.02,Medium,Tier 2,Supermarket Type2,17
9.67,No Sugar,0.113,Health and Hygiene,95.77,Small,Tier 3,Food Mart,28
11.83,Low Sugar,0.006,Meat,92.83,Small,Tier 3,Food Mart,28
13.78,Low Sugar,0.036,Meat,134.55,Medium,Tier 2,Supermarket Type2,17
15.29,Low Sugar,0.022,Frozen Foods,165.01,Medium,Tier 1,Departmental Store,27
12.67,Regular,0.135,Canned,145.45,Medium,Tier 2,Supermarket Type2,17
12.06,No Sugar,0.048,Health and Hygiene,151.07,Medium,Tier 2,Supermarket Type2,17
13.97,Low Sugar,0.104,Fruits and Vegetables,114.86,Medium,Tier 2,Supermarket Type2,17
13.38,Regular,0.108,Soft Drinks,97.95,Medium,Tier 2,Supermarket Type2,17
10.54,Regular,0.033,Meat,158.75,Medium,Tier 2,Supermarket Type2,17
8.91,Regular,0.129,Canned,121.02,Small,Tier 3,Food Mart,28
10.29,No Sugar,0.057,Household,121.38,High,Tier 2,Supermarket Type1,39
10.46,Low Sugar,0.103,Frozen Foods,64.79,Small,Tier 3,Food Mart,28
10.8,Low Sugar,0.074,Fruits and Vegetables,184.97,Medium,Tier 2,Supermarket Type2,17
18.82,Low Sugar,0.052,Canned,199.25,Medium,Tier 1,Departmental Store,27
9.13,Low Sugar,0.175,Canned,144.27,Medium,Tier 2,Supermarket Type2,17
10.82,Low Sugar,0.021,Canned,117.72,High,Tier 2,Supermarket Type1,39
9.2,No Sugar,0.05,Others,96.71,Small,Tier 3,Food Mart,28
14.3,Regular,0.085,Hard Drinks,120.73,Medium,Tier 2,Supermarket Type2,17
15.93,Regular,0.01,Meat,168.69,High,Tier 2,Supermarket Type1,39
9.9,Low Sugar,0.082,Frozen Foods,177.78,Medium,Tier 2,Supermarket Type2,17
12.07,Regular,0.228,Canned,143.16,Medium,Tier 2,Supermarket Type2,17
13.96,No Sugar,0.067,Health and Hygiene,185.67,High,Tier 2,Supermarket Type1,39
14.39,reg,0.01,Frozen Foods,175.47,Medium,Tier 1,Departmental Store,27
11.0,No Sugar,0.055,Health and Hygiene,83.7,Small,Tier 3,Food Mart,28
8.74,No Sugar,0.056,Health and Hygiene,133.11,Small,Tier 3,Food Mart,28
13.81,Low Sugar,0.076,Soft Drinks,134.21,Medium,Tier 2,Supermarket Type2,17
9.26,Low Sugar,0.03,Fruits and Vegetables,177.67,Medium,Tier 2,Supermarket Type2,17
16.69,Low Sugar,0.077,Soft Drinks,181.39,Medium,Tier 1,Departmental Store,27
10.77,Low Sugar,0.104,Fruits and Vegetables,114.96,High,Tier 2,Supermarket Type1,39
12.81,No Sugar,0.011,Health and Hygiene,169.62,Medium,Tier 2,Supermarket Type2,17
9.66,Low Sugar,0.027,Fruits and Vegetables,157.15,Medium,Tier 2,Supermarket Type2,17
8.66,Low Sugar,0.039,Fruits and Vegetables,147.65,Medium,Tier 2,Supermarket Type2,17
12.36,No Sugar,0.029,Household,187.47,Medium,Tier 1,Departmental Store,27
8.84,Low Sugar,0.174,Meat,123.81,Small,Tier 3,Food Mart,28
15.54,Low Sugar,0.013,Frozen Foods,181.76,High,Tier 2,Supermarket Type1,39
10.83,Low Sugar,0.064,Baking Goods,158.68,Medium,Tier 2,Supermarket Type2,17
14.47,Low Sugar,0.132,Dairy,159.25,High,Tier 2,Supermarket Type1,39
14.06,Low Sugar,0.026,Breakfast,126.24,Medium,Tier 2,Supermarket Type2,17
11.6,Regular,0.054,Frozen Foods,123.33,Medium,Tier 2,Supermarket Type2,17
13.5,Low Sugar,0.071,Starchy Foods,168.62,High,Tier 2,Supermarket Type1,39
13.58,No Sugar,0.124,Health and Hygiene,164.07,High,Tier 2,Supermarket Type1,39
10.68,Low Sugar,0.043,Meat,131.72,Medium,Tier 2,Supermarket Type2,17
12.35,Low Sugar,0.017,Fruits and Vegetables,120.43,Medium,Tier 2,Supermarket Type2,17
16.35,Low Sugar,0.1,Meat,150.39,Medium,Tier 1,Departmental Store,27
15.14,Low Sugar,0.089,Frozen Foods,214.63,Medium,Tier 1,Departmental Store,27
11.58,Low Sugar,0.119,Soft Drinks,146.45,Medium,Tier 2,Supermarket Type2,17
10.04,No Sugar,0.018,Health and Hygiene,118.64,Small,Tier 3,Food Mart,28
12.07,No Sugar,0.034,Household,143.16,Medium,Tier 2,Supermarket Type2,17
12.99,No Sugar,0.147,Household,138.94,Medium,Tier 2,Supermarket Type2,17
10.48,Regular,0.121,Frozen Foods,132.73,Medium,Tier 2,Supermarket Type2,17
12.54,Low Sugar,0.007,Snack Foods,176.79,High,Tier 2,Supermarket Type1,39
12.85,Low Sugar,0.03,Canned,119.7,Medium,Tier 2,Supermarket Type2,17
17.2,Regular,0.076,Breads,186.98,Medium,Tier 1,Departmental Store,27
8.53,Low Sugar,0.088,Baking Goods,122.87,Small,Tier 3,Food Mart,28
8.84,Regular,0.006,Snack Foods,89.17,Small,Tier 3,Food Mart,28
10.57,Regular,0.097,Seafood,169.05,Medium,Tier 2,Supermarket Type2,17
12.56,Low Sugar,0.028,Frozen Foods,109.61,Medium,Tier 2,Supermarket Type2,17
14.27,Low Sugar,0.123,Baking Goods,164.77,High,Tier 2,Supermarket Type1,39
13.48,No Sugar,0.017,Health and Hygiene,88.58,High,Tier 2,Supermarket Type1,39
7.3,Low Sugar,0.066,Meat,106.72,Small,Tier 3,Food Mart,28
13.86,Regular,0.1,Soft Drinks,139.18,Medium,Tier 2,Supermarket Type2,17
11.28,Low Sugar,0.04,Snack Foods,122.68,Medium,Tier 2,Supermarket Type2,17
11.86,Regular,0.124,Starchy Foods,170.24,Medium,Tier 2,Supermarket Type2,17
8.69,No Sugar,0.063,Health and Hygiene,143.86,High,Tier 2,Supermarket Type1,39
9.97,Regular,0.007,Fruits and Vegetables,119.92,Small,Tier 3,Food Mart,28
7.85,No Sugar,0.122,Household,113.51,Small,Tier 3,Food Mart,28
15.49,Low Sugar,0.118,Fruits and Vegetables,124.26,Medium,Tier 2,Supermarket Type2,17
8.28,Low Sugar,0.032,Dairy,119.61,Small,Tier 3,Food Mart,28
13.96,No Sugar,0.029,Household,181.45,Medium,Tier 1,Departmental Store,27
14.67,Low Sugar,0.044,Snack Foods,215.13,Medium,Tier 1,Departmental Store,27
11.31,Regular,0.019,Frozen Foods,138.7,Medium,Tier 2,Supermarket Type2,17
14.04,Regular,0.088,Frozen Foods,148.45,Medium,Tier 2,Supermarket Type2,17
7.55,Regular,0.126,Canned,99.63,Small,Tier 3,Food Mart,28
13.66,Low Sugar,0.057,Soft Drinks,146.74,Medium,Tier 2,Supermarket Type2,17
15.95,No Sugar,0.021,Others,173.46,High,Tier 2,Supermarket Type1,39
11.34,Regular,0.03,Baking Goods,113.49,High,Tier 2,Supermarket Type1,39
13.23,Low Sugar,0.16,Soft Drinks,140.87,Medium,Tier 2,Supermarket Type2,17
13.24,Regular,0.046,Meat,192.96,High,Tier 2,Supermarket Type1,39
10.5,Regular,0.035,Soft Drinks,117.21,High,Tier 2,Supermarket Type1,39
12.87,Regular,0.091,Baking Goods,115.2,Small,Tier 3,Food Mart,28
9.62,Regular,0.126,Frozen Foods,137.73,Medium,Tier 2,Supermarket Type2,17
12.57,Regular,0.037,Breads,134.06,Medium,Tier 2,Supermarket Type2,17
14.8,Low Sugar,0.029,Soft Drinks,153.98,High,Tier 2,Supermarket Type1,39
14.57,Regular,0.143,Frozen Foods,196.26,High,Tier 2,Supermarket Type1,39
10.35,Low Sugar,0.028,Breads,126.05,Medium,Tier 2,Supermarket Type2,17
11.81,Low Sugar,0.103,Snack Foods,151.48,Medium,Tier 2,Supermarket Type2,17
13.05,Low Sugar,0.044,Frozen Foods,164.91,Medium,Tier 2,Supermarket Type2,17
12.08,reg,0.107,Frozen Foods,131.75,Medium,Tier 2,Supermarket Type2,17
12.64,reg,0.009,Soft Drinks,140.54,Medium,Tier 2,Supermarket Type2,17
11.2,No Sugar,0.037,Household,131.74,Medium,Tier 2,Supermarket Type2,17
9.23,Low Sugar,0.122,Baking Goods,121.0,Small,Tier 3,Food Mart,28
11.12,Low Sugar,0.025,Baking Goods,121.95,Medium,Tier 2,Supermarket Type2,17
14.45,No Sugar,0.016,Health and Hygiene,159.05,High,Tier 2,Supermarket Type1,39
12.97,Low Sugar,0.129,Frozen Foods,133.31,Medium,Tier 2,Supermarket Type2,17
14.69,Low Sugar,0.044,Snack Foods,172.0,High,Tier 2,Supermarket Type1,39
12.07,Low Sugar,0.098,Soft Drinks,103.73,High,Tier 2,Supermarket Type1,39
11.21,reg,0.116,Baking Goods,153.1,Medium,Tier 2,Supermarket Type2,17
9.91,Low Sugar,0.156,Frozen Foods,97.07,Small,Tier 3,Food Mart,28
12.51,Low Sugar,0.014,Canned,133.07,Medium,Tier 2,Supermarket Type2,17
12.44,Regular,0.292,Canned,125.43,Medium,Tier 2,Supermarket Type2,17
9.39,Low Sugar,0.149,Snack Foods,116.56,Small,Tier 3,Food Mart,28
13.46,No Sugar,0.011,Household,133.21,Medium,Tier 2,Supermarket Type2,17
10.94,Regular,0.131,Fruits and Vegetables,148.75,Medium,Tier 2,Supermarket Type2,17
10.02,Low Sugar,0.058,Starchy Foods,121.03,High,Tier 2,Supermarket Type1,39
12.53,Low Sugar,0.021,Fruits and Vegetables,138.42,Medium,Tier 2,Supermarket Type2,17
12.61,No Sugar,0.094,Household,135.24,Medium,Tier 2,Supermarket Type2,17
12.42,Low Sugar,0.072,Snack Foods,181.53,High,Tier 2,Supermarket Type1,39
12.04,No Sugar,0.024,Health and Hygiene,91.83,Small,Tier 3,Food Mart,28
12.95,Low Sugar,0.03,Frozen Foods,99.23,Medium,Tier 2,Supermarket Type2,17
10.56,Low Sugar,0.097,Breads,156.97,Medium,Tier 2,Supermarket Type2,17
14.65,Low Sugar,0.011,Frozen Foods,187.82,High,Tier 2,Supermarket Type1,39
13.68,No Sugar,0.157,Household,159.11,Medium,Tier 2,Supermarket Type2,17
10.9,Low Sugar,0.151,Dairy,142.18,Medium,Tier 2,Supermarket Type2,17
11.96,Regular,0.015,Snack Foods,172.03,Medium,Tier 2,Supermarket Type2,17
12.06,Low Sugar,0.014,Meat,130.85,Medium,Tier 2,Supermarket Type2,17
10.55,Low Sugar,0.15,Frozen Foods,132.82,Medium,Tier 2,Supermarket Type2,17
13.56,Low Sugar,0.009,Baking Goods,163.39,Medium,Tier 2,Supermarket Type2,17
11.5,Low Sugar,0.095,Snack Foods,163.03,Medium,Tier 2,Supermarket Type2,17
11.47,Low Sugar,0.049,Canned,157.96,Medium,Tier 2,Supermarket Type2,17
12.07,No Sugar,0.076,Health and Hygiene,156.9,Medium,Tier 2,Supermarket Type2,17
14.55,No Sugar,0.14,Household,175.68,Medium,Tier 1,Departmental Store,27
14.29,Regular,0.097,Baking Goods,186.0,High,Tier 2,Supermarket Type1,39
11.14,Low Sugar,0.094,Snack Foods,118.4,Medium,Tier 2,Supermarket Type2,17
10.56,Low Sugar,0.051,Soft Drinks,143.92,Medium,Tier 2,Supermarket Type2,17
10.91,No Sugar,0.037,Household,104.28,Small,Tier 3,Food Mart,28
7.76,Regular,0.067,Meat,104.59,Small,Tier 3,Food Mart,28
13.37,Low Sugar,0.074,Snack Foods,194.86,High,Tier 2,Supermarket Type1,39
13.75,Regular,0.097,Frozen Foods,184.29,Medium,Tier 1,Departmental Store,27
15.16,Low Sugar,0.14,Frozen Foods,193.25,High,Tier 2,Supermarket Type1,39
13.41,Low Sugar,0.173,Canned,140.92,Medium,Tier 2,Supermarket Type2,17
13.19,Regular,0.03,Breakfast,163.87,Medium,Tier 2,Supermarket Type2,17
16.75,No Sugar,0.043,Health and Hygiene,236.09,Medium,Tier 1,Departmental Store,27
17.56,No Sugar,0.151,Household,199.7,Medium,Tier 1,Departmental Store,27
10.95,Low Sugar,0.063,Meat,127.32,Medium,Tier 2,Supermarket Type2,17
14.05,Low Sugar,0.074,Snack Foods,130.94,Medium,Tier 2,Supermarket Type2,17
12.47,Low Sugar,0.033,Soft Drinks,175.32,Medium,Tier 2,Supermarket Type2,17
15.42,Low Sugar,0.027,Snack Foods,156.61,Medium,Tier 1,Departmental Store,27
9.4,No Sugar,0.011,Household,141.15,Medium,Tier 2,Supermarket Type2,17
8.95,Low Sugar,0.082,Baking Goods,144.3,Medium,Tier 2,Supermarket Type2,17
13.23,Low Sugar,0.08,Hard Drinks,147.66,Medium,Tier 2,Supermarket Type2,17
12.9,Regular,0.014,Canned,136.17,Medium,Tier 2,Supermarket Type2,17
13.4,Regular,0.033,Dairy,164.14,Medium,Tier 2,Supermarket Type2,17
10.29,Low Sugar,0.123,Dairy,154.03,Medium,Tier 2,Supermarket Type2,17
12.14,No Sugar,0.141,Health and Hygiene,135.94,Medium,Tier 2,Supermarket Type2,17
10.49,Low Sugar,0.125,Baking Goods,118.86,High,Tier 2,Supermarket Type1,39
8.38,No Sugar,0.152,Health and Hygiene,104.11,Small,Tier 3,Food Mart,28
15.23,No Sugar,0.096,Household,122.34,Medium,Tier 2,Supermarket Type2,17
10.01,Low Sugar,0.133,Breakfast,104.76,Small,Tier 3,Food Mart,28
17.77,Low Sugar,0.047,Soft Drinks,175.25,Medium,Tier 1,Departmental Store,27
11.71,Regular,0.103,Dairy,176.85,Medium,Tier 1,Departmental Store,27
8.55,Low Sugar,0.057,Fruits and Vegetables,155.26,Medium,Tier 2,Supermarket Type2,17
12.48,Low Sugar,0.021,Canned,183.1,High,Tier 2,Supermarket Type1,39
11.95,Low Sugar,0.061,Canned,139.68,Medium,Tier 2,Supermarket Type2,17
12.65,Low Sugar,0.054,Soft Drinks,136.23,Medium,Tier 2,Supermarket Type2,17
14.99,No Sugar,0.205,Household,154.74,High,Tier 2,Supermarket Type1,39
9.65,Regular,0.133,Dairy,124.45,High,Tier 2,Supermarket Type1,39
14.34,No Sugar,0.015,Others,122.75,Medium,Tier 2,Supermarket Type2,17
14.55,Regular,0.092,Fruits and Vegetables,197.58,High,Tier 2,Supermarket Type1,39
15.23,Low Sugar,0.061,Fruits and Vegetables,102.12,Medium,Tier 2,Supermarket Type2,17
15.22,No Sugar,0.116,Household,166.39,Medium,Tier 1,Departmental Store,27
12.92,Low Sugar,0.04,Hard Drinks,136.02,Medium,Tier 2,Supermarket Type2,17
15.65,No Sugar,0.142,Household,179.45,High,Tier 2,Supermarket Type1,39
9.82,Low Sugar,0.086,Snack Foods,95.63,Small,Tier 3,Food Mart,28
16.87,Low Sugar,0.053,Frozen Foods,149.08,Medium,Tier 1,Departmental Store,27
15.51,No Sugar,0.021,Household,189.65,Medium,Tier 1,Departmental Store,27
11.91,Regular,0.033,Baking Goods,105.17,High,Tier 2,Supermarket Type1,39
16.21,Regular,0.041,Fruits and Vegetables,189.13,Medium,Tier 1,Departmental Store,27
7.73,Low Sugar,0.03,Meat,122.19,Small,Tier 3,Food Mart,28
11.01,Low Sugar,0.142,Soft Drinks,167.55,Medium,Tier 2,Supermarket Type2,17
15.76,Regular,0.032,Canned,201.96,Medium,Tier 1,Departmental Store,27
13.84,No Sugar,0.044,Health and Hygiene,159.88,Medium,Tier 2,Supermarket Type2,17
13.17,Low Sugar,0.055,Snack Foods,145.4,Medium,Tier 2,Supermarket Type2,17
10.43,Low Sugar,0.09,Snack Foods,117.52,High,Tier 2,Supermarket Type1,39
10.3,Low Sugar,0.127,Soft Drinks,126.85,Medium,Tier 2,Supermarket Type2,17
9.9,No Sugar,0.013,Health and Hygiene,139.2,Medium,Tier 1,Departmental Store,27
15.49,Regular,0.054,Meat,163.02,Medium,Tier 1,Departmental Store,27
10.29,Regular,0.088,Fruits and Vegetables,99.94,Small,Tier 3,Food Mart,28
14.13,No Sugar,0.049,Household,134.47,Medium,Tier 2,Supermarket Type2,17
13.49,Low Sugar,0.071,Breakfast,145.6,Medium,Tier 2,Supermarket Type2,17
12.44,Low Sugar,0.045,Dairy,149.44,Medium,Tier 2,Supermarket Type2,17
13.37,Regular,0.095,Breakfast,171.76,Small,Tier 3,Food Mart,28
14.4,Regular,0.039,Snack Foods,182.76,High,Tier 2,Supermarket Type1,39
13.06,Low Sugar,0.162,Starchy Foods,132.86,Medium,Tier 2,Supermarket Type2,17
11.94,Low Sugar,0.104,Canned,158.99,Medium,Tier 2,Supermarket Type2,17
9.96,Regular,0.036,Snack Foods,137.0,Medium,Tier 2,Supermarket Type2,17
14.26,No Sugar,0.013,Household,163.94,High,Tier 2,Supermarket Type1,39
12.7,No Sugar,0.076,Household,209.05,High,Tier 2,Supermarket Type1,39
10.36,Low Sugar,0.043,Hard Drinks,126.49,Medium,Tier 2,Supermarket Type2,17
12.36,Low Sugar,0.017,Seafood,167.0,Medium,Tier 2,Supermarket Type2,17
8.9,Regular,0.076,Baking Goods,143.36,Medium,Tier 2,Supermarket Type2,17
13.73,No Sugar,0.05,Household,139.12,Medium,Tier 2,Supermarket Type2,17
15.7,Regular,0.009,Meat,159.46,Medium,Tier 1,Departmental Store,27
10.88,No Sugar,0.095,Household,111.96,High,Tier 2,Supermarket Type1,39
13.77,Low Sugar,0.015,Fruits and Vegetables,155.54,Medium,Tier 2,Supermarket Type2,17
8.49,Low Sugar,0.112,Baking Goods,133.27,Small,Tier 3,Food Mart,28
12.67,reg,0.047,Frozen Foods,124.48,Medium,Tier 2,Supermarket Type2,17
15.97,Low Sugar,0.064,Breads,187.64,Medium,Tier 1,Departmental Store,27
13.46,Low Sugar,0.036,Fruits and Vegetables,183.41,Medium,Tier 1,Departmental Store,27
10.74,Low Sugar,0.183,Canned,129.43,Medium,Tier 2,Supermarket Type2,17
12.05,Regular,0.175,Canned,122.68,Medium,Tier 2,Supermarket Type2,17
11.71,Low Sugar,0.106,Dairy,195.75,Medium,Tier 1,Departmental Store,27
10.38,Low Sugar,0.014,Baking Goods,107.67,Small,Tier 3,Food Mart,28
15.54,Regular,0.068,Fruits and Vegetables,174.46,High,Tier 2,Supermarket Type1,39
12.35,Regular,0.185,Canned,131.65,Medium,Tier 2,Supermarket Type2,17
11.95,No Sugar,0.052,Household,112.04,Medium,Tier 2,Supermarket Type2,17
13.82,No Sugar,0.021,Health and Hygiene,162.84,High,Tier 2,Supermarket Type1,39
11.59,Low Sugar,0.065,Frozen Foods,139.67,Medium,Tier 2,Supermarket Type2,17
15.34,Low Sugar,0.076,Snack Foods,123.15,Medium,Tier 2,Supermarket Type2,17
11.3,Low Sugar,0.282,Baking Goods,173.55,Medium,Tier 2,Supermarket Type2,17
12.8,Regular,0.03,Baking Goods,156.3,Medium,Tier 2,Supermarket Type2,17
12.67,Regular,0.016,Snack Foods,176.07,High,Tier 2,Supermarket Type1,39
8.99,Low Sugar,0.045,Hard Drinks,73.33,Small,Tier 3,Food Mart,28
10.95,Low Sugar,0.066,Breakfast,171.68,Medium,Tier 2,Supermarket Type2,17
15.44,Regular,0.099,Meat,194.71,Medium,Tier 1,Departmental Store,27
13.29,Low Sugar,0.21,Canned,162.14,Medium,Tier 2,Supermarket Type2,17
13.25,Low Sugar,0.073,Baking Goods,137.13,Medium,Tier 2,Supermarket Type2,17
12.09,Regular,0.043,Soft Drinks,149.17,Medium,Tier 2,Supermarket Type2,17
15.89,Low Sugar,0.03,Snack Foods,148.23,Medium,Tier 1,Departmental Store,27
14.8,Low Sugar,0.014,Breads,115.71,Medium,Tier 2,Supermarket Type2,17
15.46,Regular,0.091,Dairy,218.09,Medium,Tier 1,Departmental Store,27
14.11,Low Sugar,0.079,Baking Goods,171.77,Medium,Tier 1,Departmental Store,27
8.2,Low Sugar,0.114,Snack Foods,156.97,Medium,Tier 2,Supermarket Type2,17
14.39,reg,0.057,Baking Goods,184.41,High,Tier 2,Supermarket Type1,39
9.21,Low Sugar,0.01,Baking Goods,144.35,Medium,Tier 1,Departmental Store,27
11.48,No Sugar,0.01,Health and Hygiene,161.03,Medium,Tier 2,Supermarket Type2,17
14.76,Low Sugar,0.166,Snack Foods,130.05,Medium,Tier 2,Supermarket Type2,17
15.2,No Sugar,0.045,Health and Hygiene,183.49,High,Tier 2,Supermarket Type1,39
13.26,Regular,0.28,Dairy,137.37,Medium,Tier 2,Supermarket Type2,17
14.37,Regular,0.013,Fruits and Vegetables,121.08,Medium,Tier 2,Supermarket Type2,17
13.62,Low Sugar,0.069,Meat,134.47,Medium,Tier 2,Supermarket Type2,17
14.47,Low Sugar,0.115,Dairy,170.55,Medium,Tier 1,Departmental Store,27
12.9,Regular,0.025,Starchy Foods,172.85,High,Tier 2,Supermarket Type1,39
8.93,Low Sugar,0.053,Dairy,125.75,Small,Tier 3,Food Mart,28
13.42,Regular,0.011,Meat,97.93,Medium,Tier 2,Supermarket Type2,17
12.35,Low Sugar,0.038,Dairy,117.82,Medium,Tier 2,Supermarket Type2,17
15.23,Regular,0.067,Fruits and Vegetables,254.34,Medium,Tier 1,Departmental Store,27
13.91,No Sugar,0.12,Health and Hygiene,128.0,Medium,Tier 2,Supermarket Type2,17
13.45,Low Sugar,0.03,Hard Drinks,148.09,Medium,Tier 2,Supermarket Type2,17
13.49,Low Sugar,0.049,Fruits and Vegetables,152.38,Medium,Tier 2,Supermarket Type2,17
12.01,Low Sugar,0.167,Dairy,157.32,Medium,Tier 2,Supermarket Type2,17
11.42,Low Sugar,0.029,Seafood,138.95,Medium,Tier 2,Supermarket Type2,17
11.74,Low Sugar,0.107,Dairy,155.03,Medium,Tier 2,Supermarket Type2,17
16.45,Low Sugar,0.052,Meat,173.16,Medium,Tier 1,Departmental Store,27
15.72,Low Sugar,0.123,Starchy Foods,186.22,Medium,Tier 1,Departmental Store,27
10.82,Low Sugar,0.103,Snack Foods,144.35,Medium,Tier 2,Supermarket Type2,17
11.17,No Sugar,0.028,Household,129.35,Medium,Tier 2,Supermarket Type2,17
13.23,Low Sugar,0.061,Frozen Foods,127.23,Medium,Tier 2,Supermarket Type2,17
13.85,Low Sugar,0.054,Fruits and Vegetables,216.44,Medium,Tier 1,Departmental Store,27
14.5,Low Sugar,0.052,Snack Foods,151.13,Medium,Tier 2,Supermarket Type2,17
13.88,Regular,0.068,Fruits and Vegetables,159.78,Medium,Tier 2,Supermarket Type2,17
13.32,Regular,0.039,Fruits and Vegetables,166.56,High,Tier 2,Supermarket Type1,39
12.14,Low Sugar,0.142,Meat,149.87,Small,Tier 3,Food Mart,28
9.0,Regular,0.021,Baking Goods,103.73,Small,Tier 3,Food Mart,28
13.94,Low Sugar,0.088,Fruits and Vegetables,189.15,High,Tier 2,Supermarket Type1,39
10.72,Regular,0.097,Frozen Foods,130.54,Medium,Tier 2,Supermarket Type2,17
11.04,Regular,0.033,Dairy,119.75,Medium,Tier 2,Supermarket Type2,17
12.51,Regular,0.116,Canned,119.07,Medium,Tier 2,Supermarket Type2,17
16.67,No Sugar,0.046,Household,202.84,Medium,Tier 1,Departmental Store,27
16.53,Low Sugar,0.037,Dairy,169.09,High,Tier 2,Supermarket Type1,39
12.84,Low Sugar,0.072,Dairy,150.22,Medium,Tier 2,Supermarket Type2,17
9.41,Low Sugar,0.054,Soft Drinks,102.47,Small,Tier 3,Food Mart,28
13.3,No Sugar,0.046,Household,152.97,Medium,Tier 2,Supermarket Type2,17
11.18,Low Sugar,0.159,Baking Goods,121.69,Medium,Tier 2,Supermarket Type2,17
12.44,Low Sugar,0.135,Dairy,119.38,Medium,Tier 2,Supermarket Type2,17
12.23,Low Sugar,0.078,Fruits and Vegetables,161.37,Medium,Tier 2,Supermarket Type2,17
9.04,Low Sugar,0.025,Snack Foods,129.15,Small,Tier 3,Food Mart,28
8.24,Low Sugar,0.066,Meat,64.4,Small,Tier 3,Food Mart,28
8.69,No Sugar,0.087,Household,92.38,Small,Tier 3,Food Mart,28
13.53,No Sugar,0.149,Health and Hygiene,144.49,Medium,Tier 2,Supermarket Type2,17
10.71,No Sugar,0.079,Health and Hygiene,111.89,Small,Tier 3,Food Mart,28
17.54,Low Sugar,0.041,Snack Foods,159.44,Medium,Tier 1,Departmental Store,27
15.25,reg,0.008,Baking Goods,228.55,Medium,Tier 1,Departmental Store,27
13.36,Regular,0.102,Fruits and Vegetables,143.48,Medium,Tier 2,Supermarket Type2,17
16.85,No Sugar,0.058,Health and Hygiene,170.34,Medium,Tier 1,Departmental Store,27
14.62,No Sugar,0.166,Others,210.23,Medium,Tier 1,Departmental Store,27
14.35,Low Sugar,0.043,Snack Foods,129.57,Medium,Tier 2,Supermarket Type2,17
14.28,Regular,0.031,Canned,162.08,High,Tier 2,Supermarket Type1,39
15.46,Low Sugar,0.021,Fruits and Vegetables,191.51,Medium,Tier 1,Departmental Store,27
11.21,Low Sugar,0.128,Fruits and Vegetables,100.08,Small,Tier 3,Food Mart,28
16.57,Low Sugar,0.036,Baking Goods,192.61,Medium,Tier 1,Departmental Store,27
17.14,No Sugar,0.105,Household,167.24,Medium,Tier 1,Departmental Store,27
12.03,Low Sugar,0.048,Dairy,176.72,Medium,Tier 2,Supermarket Type2,17
12.16,Low Sugar,0.059,Snack Foods,157.33,Medium,Tier 2,Supermarket Type2,17
14.28,No Sugar,0.077,Household,162.93,High,Tier 2,Supermarket Type1,39
13.38,No Sugar,0.03,Household,130.7,Medium,Tier 2,Supermarket Type2,17
12.44,Low Sugar,0.05,Dairy,115.78,Medium,Tier 2,Supermarket Type2,17
13.91,Regular,0.046,Soft Drinks,162.65,High,Tier 2,Supermarket Type1,39
16.07,Low Sugar,0.167,Meat,148.86,Medium,Tier 1,Departmental Store,27
12.5,Low Sugar,0.048,Fruits and Vegetables,157.76,Medium,Tier 2,Supermarket Type2,17
12.08,Low Sugar,0.011,Fruits and Vegetables,143.91,Medium,Tier 2,Supermarket Type2,17
12.81,No Sugar,0.16,Household,159.7,Medium,Tier 2,Supermarket Type2,17
14.2,Low Sugar,0.033,Fruits and Vegetables,135.22,Medium,Tier 2,Supermarket Type2,17
10.02,Low Sugar,0.032,Frozen Foods,146.9,Medium,Tier 2,Supermarket Type2,17
11.32,Low Sugar,0.063,Meat,128.01,Medium,Tier 2,Supermarket Type2,17
11.45,Regular,0.124,Canned,125.22,Medium,Tier 2,Supermarket Type2,17
14.73,No Sugar,0.173,Health and Hygiene,136.46,Medium,Tier 2,Supermarket Type2,17
16.09,Regular,0.098,Breakfast,150.38,Medium,Tier 1,Departmental Store,27
10.7,Low Sugar,0.089,Meat,112.28,High,Tier 2,Supermarket Type1,39
13.28,Regular,0.104,Fruits and Vegetables,143.17,Medium,Tier 2,Supermarket Type2,17
11.69,Low Sugar,0.047,Dairy,133.27,Medium,Tier 2,Supermarket Type2,17
10.56,Low Sugar,0.025,Snack Foods,161.71,Medium,Tier 2,Supermarket Type2,17
15.01,Low Sugar,0.064,Fruits and Vegetables,191.21,High,Tier 2,Supermarket Type1,39
14.34,Regular,0.035,Dairy,133.82,Medium,Tier 2,Supermarket Type2,17
8.97,No Sugar,0.049,Health and Hygiene,95.58,Small,Tier 3,Food Mart,28
14.38,No Sugar,0.028,Household,179.28,High,Tier 2,Supermarket Type1,39
12.26,Low Sugar,0.058,Fruits and Vegetables,132.85,Medium,Tier 2,Supermarket Type2,17
10.38,No Sugar,0.094,Household,96.67,Small,Tier 3,Food Mart,28
13.75,Low Sugar,0.061,Fruits and Vegetables,164.34,High,Tier 2,Supermarket Type1,39
13.45,Low Sugar,0.08,Starchy Foods,148.98,Medium,Tier 2,Supermarket Type2,17
14.11,Regular,0.063,Fruits and Vegetables,160.54,High,Tier 2,Supermarket Type1,39
12.47,No Sugar,0.017,Health and Hygiene,174.78,Medium,Tier 2,Supermarket Type2,17
12.11,Low Sugar,0.129,Soft Drinks,124.48,Medium,Tier 2,Supermarket Type2,17
13.56,Low Sugar,0.091,Canned,181.83,Medium,Tier 1,Departmental Store,27
10.3,Low Sugar,0.01,Fruits and Vegetables,122.52,High,Tier 2,Supermarket Type1,39
10.64,Low Sugar,0.02,Hard Drinks,165.99,Medium,Tier 2,Supermarket Type2,17
12.8,Low Sugar,0.03,Frozen Foods,135.8,Medium,Tier 2,Supermarket Type2,17
7.53,Low Sugar,0.021,Dairy,143.66,Small,Tier 3,Food Mart,28
12.5,Low Sugar,0.022,Fruits and Vegetables,138.26,Medium,Tier 2,Supermarket Type2,17
12.33,No Sugar,0.212,Household,140.7,Medium,Tier 2,Supermarket Type2,17
14.14,Low Sugar,0.021,Canned,155.28,Medium,Tier 2,Supermarket Type2,17
12.22,No Sugar,0.09,Household,142.25,Medium,Tier 2,Supermarket Type2,17
10.77,reg,0.083,Meat,180.96,Medium,Tier 2,Supermarket Type2,17
13.33,Low Sugar,0.069,Baking Goods,190.93,High,Tier 2,Supermarket Type1,39
13.19,Regular,0.104,Starchy Foods,143.69,Medium,Tier 2,Supermarket Type2,17
15.08,Low Sugar,0.14,Dairy,193.21,High,Tier 2,Supermarket Type1,39
15.02,Low Sugar,0.157,Snack Foods,214.85,Medium,Tier 1,Departmental Store,27
10.47,Low Sugar,0.038,Frozen Foods,108.94,Small,Tier 3,Food Mart,28
11.27,Regular,0.065,Fruits and Vegetables,122.63,Medium,Tier 2,Supermarket Type2,17
9.62,No Sugar,0.154,Household,94.81,Small,Tier 3,Food Mart,28
10.89,Low Sugar,0.007,Soft Drinks,113.48,High,Tier 2,Supermarket Type1,39
12.08,No Sugar,0.118,Household,162.84,Medium,Tier 2,Supermarket Type2,17
12.42,No Sugar,0.053,Others,188.37,Medium,Tier 1,Departmental Store,27
11.47,No Sugar,0.041,Health and Hygiene,116.17,Medium,Tier 2,Supermarket Type2,17
11.34,Low Sugar,0.053,Fruits and Vegetables,114.35,High,Tier 2,Supermarket Type1,39
13.65,Low Sugar,0.028,Snack Foods,164.91,High,Tier 2,Supermarket Type1,39
14.05,Low Sugar,0.11,Fruits and Vegetables,168.85,Medium,Tier 1,Departmental Store,27
13.01,No Sugar,0.054,Household,144.54,Medium,Tier 2,Supermarket Type2,17
14.49,Low Sugar,0.006,Starchy Foods,132.28,Medium,Tier 2,Supermarket Type2,17
13.48,Low Sugar,0.097,Snack Foods,122.58,Medium,Tier 2,Supermarket Type2,17
9.91,Regular,0.044,Canned,136.33,Medium,Tier 2,Supermarket Type2,17
12.95,Low Sugar,0.045,Canned,91.27,High,Tier 2,Supermarket Type1,39
13.88,Low Sugar,0.013,Meat,103.23,Medium,Tier 2,Supermarket Type2,17
11.26,Low Sugar,0.092,Canned,96.32,Small,Tier 3,Food Mart,28
14.94,No Sugar,0.077,Household,188.74,High,Tier 2,Supermarket Type1,39
16.62,No Sugar,0.033,Household,166.03,High,Tier 2,Supermarket Type1,39
17.5,Regular,0.034,Baking Goods,177.64,Medium,Tier 1,Departmental Store,27
14.47,Low Sugar,0.031,Fruits and Vegetables,142.74,Medium,Tier 2,Supermarket Type2,17
14.19,Low Sugar,0.052,Snack Foods,170.91,Medium,Tier 1,Departmental Store,27
13.76,Low Sugar,0.015,Snack Foods,179.12,Medium,Tier 1,Departmental Store,27
14.9,No Sugar,0.049,Health and Hygiene,171.89,High,Tier 2,Supermarket Type1,39
9.96,No Sugar,0.147,Household,138.57,Medium,Tier 2,Supermarket Type2,17
11.27,Low Sugar,0.116,Fruits and Vegetables,124.9,Medium,Tier 2,Supermarket Type2,17
13.55,Low Sugar,0.124,Soft Drinks,147.12,Medium,Tier 2,Supermarket Type2,17
7.6,No Sugar,0.063,Household,134.67,Small,Tier 3,Food Mart,28
10.96,Regular,0.073,Frozen Foods,165.12,Medium,Tier 2,Supermarket Type2,17
14.59,No Sugar,0.062,Household,155.01,High,Tier 2,Supermarket Type1,39
15.97,Low Sugar,0.015,Snack Foods,155.56,Medium,Tier 1,Departmental Store,27
16.38,No Sugar,0.02,Household,203.99,Medium,Tier 1,Departmental Store,27
17.6,Regular,0.031,Snack Foods,158.67,Medium,Tier 1,Departmental Store,27
14.84,Low Sugar,0.102,Breakfast,146.12,Medium,Tier 2,Supermarket Type2,17
14.7,Low Sugar,0.047,Soft Drinks,131.68,Medium,Tier 2,Supermarket Type2,17
15.1,Low Sugar,0.08,Canned,170.16,Medium,Tier 1,Departmental Store,27
12.12,Low Sugar,0.055,Snack Foods,101.18,High,Tier 2,Supermarket Type1,39
9.23,Low Sugar,0.038,Frozen Foods,105.33,Small,Tier 3,Food Mart,28
11.85,No Sugar,0.083,Household,131.37,Medium,Tier 2,Supermarket Type2,17
8.53,No Sugar,0.089,Health and Hygiene,132.08,Small,Tier 3,Food Mart,28
14.41,No Sugar,0.054,Health and Hygiene,168.21,Medium,Tier 1,Departmental Store,27
12.83,Low Sugar,0.017,Meat,207.05,High,Tier 2,Supermarket Type1,39
15.59,Low Sugar,0.005,Frozen Foods,162.29,Medium,Tier 1,Departmental Store,27
13.02,Low Sugar,0.054,Snack Foods,153.36,Medium,Tier 2,Supermarket Type2,17
14.53,Low Sugar,0.054,Seafood,142.33,Medium,Tier 2,Supermarket Type2,17
9.65,Low Sugar,0.043,Meat,109.7,Small,Tier 3,Food Mart,28
11.27,Low Sugar,0.049,Soft Drinks,128.89,Medium,Tier 2,Supermarket Type2,17
12.7,No Sugar,0.013,Others,126.66,Medium,Tier 2,Supermarket Type2,17
10.61,No Sugar,0.074,Household,113.98,High,Tier 2,Supermarket Type1,39
7.35,Regular,0.087,Hard Drinks,114.53,Medium,Tier 1,Departmental Store,27
14.03,Low Sugar,0.017,Frozen Foods,198.32,High,Tier 2,Supermarket Type1,39
11.4,Regular,0.074,Snack Foods,127.87,Medium,Tier 2,Supermarket Type2,17
13.47,No Sugar,0.021,Household,126.33,Medium,Tier 2,Supermarket Type2,17
7.71,Low Sugar,0.029,Meat,148.91,Small,Tier 3,Food Mart,28
12.82,Regular,0.009,Meat,119.88,Medium,Tier 2,Supermarket Type2,17
10.35,reg,0.017,Fruits and Vegetables,95.05,Small,Tier 3,Food Mart,28
15.45,Low Sugar,0.2,Canned,206.62,Medium,Tier 1,Departmental Store,27
13.87,Regular,0.104,Soft Drinks,170.58,Medium,Tier 1,Departmental Store,27
11.5,Regular,0.149,Frozen Foods,140.08,Medium,Tier 2,Supermarket Type2,17
15.83,Low Sugar,0.041,Fruits and Vegetables,202.6,Medium,Tier 1,Departmental Store,27
10.95,No Sugar,0.032,Others,165.57,Medium,Tier 2,Supermarket Type2,17
15.09,Regular,0.114,Starchy Foods,114.89,Medium,Tier 2,Supermarket Type2,17
7.69,No Sugar,0.025,Household,111.11,Small,Tier 3,Food Mart,28
16.76,Low Sugar,0.177,Dairy,156.14,High,Tier 2,Supermarket Type1,39
15.46,Regular,0.042,Fruits and Vegetables,185.91,High,Tier 2,Supermarket Type1,39
12.16,Low Sugar,0.022,Fruits and Vegetables,171.91,Medium,Tier 2,Supermarket Type2,17
9.23,Low Sugar,0.022,Frozen Foods,146.69,Medium,Tier 2,Supermarket Type2,17
14.41,Low Sugar,0.12,Snack Foods,202.29,High,Tier 2,Supermarket Type1,39
11.0,Low Sugar,0.038,Fruits and Vegetables,100.66,Small,Tier 3,Food Mart,28
13.21,Low Sugar,0.138,Fruits and Vegetables,110.99,Medium,Tier 2,Supermarket Type2,17
13.03,Low Sugar,0.043,Baking Goods,166.58,Medium,Tier 2,Supermarket Type2,17
10.82,Regular,0.043,Meat,172.87,Medium,Tier 2,Supermarket Type2,17
13.31,Low Sugar,0.14,Soft Drinks,165.0,Medium,Tier 2,Supermarket Type2,17
14.42,Regular,0.036,Dairy,162.86,Small,Tier 3,Food Mart,28
10.08,Regular,0.097,Soft Drinks,165.38,Medium,Tier 2,Supermarket Type2,17
11.98,Low Sugar,0.054,Baking Goods,182.9,High,Tier 2,Supermarket Type1,39
12.41,Low Sugar,0.13,Baking Goods,171.3,Medium,Tier 2,Supermarket Type2,17
13.36,No Sugar,0.142,Health and Hygiene,166.4,High,Tier 2,Supermarket Type1,39
9.43,Low Sugar,0.09,Fruits and Vegetables,113.1,Small,Tier 3,Food Mart,28
10.25,No Sugar,0.016,Household,150.06,Medium,Tier 2,Supermarket Type2,17
9.79,Low Sugar,0.006,Fruits and Vegetables,161.0,Medium,Tier 2,Supermarket Type2,17
11.5,Regular,0.103,Frozen Foods,173.28,Medium,Tier 2,Supermarket Type2,17
11.34,No Sugar,0.049,Household,187.99,Medium,Tier 2,Supermarket Type2,17
14.99,Regular,0.034,Meat,188.32,High,Tier 2,Supermarket Type1,39
11.21,Regular,0.06,Fruits and Vegetables,178.28,Medium,Tier 2,Supermarket Type2,17
14.28,Low Sugar,0.039,Soft Drinks,157.16,High,Tier 2,Supermarket Type1,39
14.85,Regular,0.03,Snack Foods,215.25,Medium,Tier 1,Departmental Store,27
17.08,Low Sugar,0.114,Fruits and Vegetables,156.15,High,Tier 2,Supermarket Type1,39
14.11,Regular,0.069,Baking Goods,150.74,Medium,Tier 2,Supermarket Type2,17
11.15,Low Sugar,0.165,Baking Goods,131.87,Medium,Tier 2,Supermarket Type2,17
12.1,Regular,0.006,Frozen Foods,108.13,Medium,Tier 2,Supermarket Type2,17
14.83,Regular,0.057,Meat,181.34,High,Tier 2,Supermarket Type1,39
13.07,Low Sugar,0.019,Fruits and Vegetables,123.23,Medium,Tier 2,Supermarket Type2,17
12.6,Regular,0.037,Dairy,154.94,Medium,Tier 2,Supermarket Type2,17
13.76,Regular,0.073,Dairy,171.5,Medium,Tier 1,Departmental Store,27
8.19,Regular,0.03,Meat,121.32,Small,Tier 3,Food Mart,28
9.95,Regular,0.032,Meat,112.26,Small,Tier 3,Food Mart,28
10.95,Low Sugar,0.011,Canned,118.31,High,Tier 2,Supermarket Type1,39
12.74,No Sugar,0.021,Health and Hygiene,173.87,High,Tier 2,Supermarket Type1,39
15.15,Low Sugar,0.047,Frozen Foods,142.13,Medium,Tier 2,Supermarket Type2,17
10.93,Low Sugar,0.037,Fruits and Vegetables,107.15,Small,Tier 3,Food Mart,28
12.08,Low Sugar,0.048,Meat,127.74,Medium,Tier 2,Supermarket Type2,17
11.8,Low Sugar,0.019,Frozen Foods,97.54,Small,Tier 3,Food Mart,28
13.34,Low Sugar,0.033,Snack Foods,180.09,Medium,Tier 1,Departmental Store,27
12.51,Low Sugar,0.019,Fruits and Vegetables,123.78,Medium,Tier 2,Supermarket Type2,17
13.08,Regular,0.05,Snack Foods,189.87,Medium,Tier 1,Departmental Store,27
14.21,Low Sugar,0.083,Baking Goods,158.74,High,Tier 2,Supermarket Type1,39
13.16,Low Sugar,0.116,Fruits and Vegetables,151.84,Medium,Tier 2,Supermarket Type2,17
13.36,No Sugar,0.067,Health and Hygiene,130.26,Medium,Tier 2,Supermarket Type2,17
11.44,Low Sugar,0.162,Dairy,152.76,Medium,Tier 2,Supermarket Type2,17
14.68,Low Sugar,0.108,Meat,220.49,Medium,Tier 1,Departmental Store,27
14.46,Low Sugar,0.116,Baking Goods,177.96,Medium,Tier 1,Departmental Store,27
7.03,Regular,0.088,Canned,129.3,Small,Tier 3,Food Mart,28
15.6,Low Sugar,0.02,Breads,171.47,High,Tier 2,Supermarket Type1,39
12.19,Low Sugar,0.017,Dairy,131.52,Medium,Tier 2,Supermarket Type2,17
11.63,Low Sugar,0.04,Snack Foods,152.7,Medium,Tier 2,Supermarket Type2,17
11.55,Low Sugar,0.093,Breads,115.86,Medium,Tier 2,Supermarket Type2,17
10.95,Low Sugar,0.081,Canned,133.99,Medium,Tier 2,Supermarket Type2,17
7.86,Low Sugar,0.12,Snack Foods,144.42,High,Tier 2,Supermarket Type1,39
10.78,Low Sugar,0.016,Breads,95.76,Small,Tier 3,Food Mart,28
10.67,No Sugar,0.177,Health and Hygiene,135.05,Medium,Tier 2,Supermarket Type2,17
15.58,Low Sugar,0.061,Canned,153.82,Small,Tier 3,Food Mart,28
11.83,Low Sugar,0.228,Meat,126.53,Medium,Tier 2,Supermarket Type2,17
13.75,Low Sugar,0.054,Fruits and Vegetables,148.99,Medium,Tier 2,Supermarket Type2,17
11.63,Low Sugar,0.022,Meat,136.05,Medium,Tier 2,Supermarket Type2,17
11.95,Low Sugar,0.096,Frozen Foods,120.64,Medium,Tier 2,Supermarket Type2,17
13.29,Low Sugar,0.128,Fruits and Vegetables,192.34,Small,Tier 3,Food Mart,28
10.73,Low Sugar,0.141,Frozen Foods,140.08,Medium,Tier 2,Supermarket Type2,17
15.38,Regular,0.145,Dairy,168.12,High,Tier 2,Supermarket Type1,39
16.28,Low Sugar,0.13,Fruits and Vegetables,161.79,High,Tier 2,Supermarket Type1,39
11.34,Low Sugar,0.144,Snack Foods,152.01,Medium,Tier 2,Supermarket Type2,17
8.87,Low Sugar,0.062,Fruits and Vegetables,134.27,High,Tier 2,Supermarket Type1,39
18.26,Low Sugar,0.031,Soft Drinks,174.31,Medium,Tier 1,Departmental Store,27
12.13,No Sugar,0.052,Household,114.97,Medium,Tier 2,Supermarket Type2,17
12.1,No Sugar,0.055,Household,138.4,Medium,Tier 2,Supermarket Type2,17
15.24,No Sugar,0.024,Others,165.87,Medium,Tier 1,Departmental Store,27
11.26,No Sugar,0.074,Household,151.55,Medium,Tier 2,Supermarket Type2,17
15.14,Low Sugar,0.094,Meat,162.51,Medium,Tier 1,Departmental Store,27
10.66,Regular,0.021,Baking Goods,135.28,Medium,Tier 2,Supermarket Type2,17
12.94,Low Sugar,0.124,Canned,198.96,Small,Tier 3,Food Mart,28
10.15,Regular,0.016,Fruits and Vegetables,135.23,Medium,Tier 2,Supermarket Type2,17
12.24,Low Sugar,0.006,Frozen Foods,107.48,Medium,Tier 2,Supermarket Type2,17
12.64,No Sugar,0.065,Household,115.04,Medium,Tier 2,Supermarket Type2,17
15.07,Low Sugar,0.082,Frozen Foods,167.61,Medium,Tier 1,Departmental Store,27
13.7,Regular,0.081,Starchy Foods,158.61,Medium,Tier 2,Supermarket Type2,17
11.54,Low Sugar,0.016,Frozen Foods,126.03,Medium,Tier 2,Supermarket Type2,17
12.56,Regular,0.048,Breads,109.71,Medium,Tier 2,Supermarket Type2,17
13.91,Low Sugar,0.162,Fruits and Vegetables,110.35,Medium,Tier 2,Supermarket Type2,17
8.85,Low Sugar,0.123,Canned,113.28,Small,Tier 3,Food Mart,28
13.69,reg,0.024,Canned,148.11,Medium,Tier 2,Supermarket Type2,17
12.33,Regular,0.112,Frozen Foods,165.25,Medium,Tier 2,Supermarket Type2,17
13.56,Regular,0.042,Baking Goods,121.49,Medium,Tier 2,Supermarket Type2,17
9.37,Low Sugar,0.027,Fruits and Vegetables,133.89,High,Tier 2,Supermarket Type1,39
11.81,Low Sugar,0.188,Fruits and Vegetables,109.81,Medium,Tier 2,Supermarket Type2,17
13.9,Low Sugar,0.095,Snack Foods,185.63,High,Tier 2,Supermarket Type1,39
16.34,Low Sugar,0.047,Snack Foods,162.07,High,Tier 2,Supermarket Type1,39
7.65,Low Sugar,0.111,Snack Foods,92.53,Small,Tier 3,Food Mart,28
10.56,Regular,0.119,Fruits and Vegetables,104.91,Small,Tier 3,Food Mart,28
13.33,Low Sugar,0.075,Fruits and Vegetables,170.77,High,Tier 2,Supermarket Type1,39
12.75,Low Sugar,0.038,Meat,103.29,Medium,Tier 2,Supermarket Type2,17
11.92,Low Sugar,0.039,Frozen Foods,136.88,Medium,Tier 2,Supermarket Type2,17
13.88,Regular,0.042,Dairy,138.31,Medium,Tier 2,Supermarket Type2,17
12.46,No Sugar,0.053,Others,155.15,Medium,Tier 2,Supermarket Type2,17
13.4,Low Sugar,0.031,Snack Foods,157.42,Medium,Tier 2,Supermarket Type2,17
13.25,Low Sugar,0.127,Hard Drinks,148.01,Medium,Tier 2,Supermarket Type2,17
10.84,Regular,0.062,Frozen Foods,100.32,Small,Tier 3,Food Mart,28
13.39,Low Sugar,0.041,Snack Foods,159.07,Medium,Tier 2,Supermarket Type2,17
12.39,Low Sugar,0.026,Canned,160.13,Medium,Tier 2,Supermarket Type2,17
9.25,No Sugar,0.015,Health and Hygiene,117.89,Small,Tier 3,Food Mart,28
18.74,Low Sugar,0.052,Fruits and Vegetables,199.51,Medium,Tier 1,Departmental Store,27
13.46,Low Sugar,0.065,Fruits and Vegetables,162.02,Medium,Tier 2,Supermarket Type2,17
11.29,Low Sugar,0.067,Snack Foods,103.72,Small,Tier 3,Food Mart,28
14.72,Low Sugar,0.015,Soft Drinks,164.27,High,Tier 2,Supermarket Type1,39
11.28,Low Sugar,0.032,Snack Foods,159.45,Medium,Tier 2,Supermarket Type2,17
16.24,Low Sugar,0.018,Baking Goods,128.41,Medium,Tier 2,Supermarket Type2,17
14.34,No Sugar,0.031,Health and Hygiene,121.28,Medium,Tier 2,Supermarket Type2,17
11.36,Low Sugar,0.039,Meat,138.6,Medium,Tier 2,Supermarket Type2,17
10.59,Regular,0.009,Hard Drinks,136.19,Medium,Tier 2,Supermarket Type2,17
12.77,Low Sugar,0.029,Snack Foods,141.33,Medium,Tier 2,Supermarket Type2,17
12.58,Low Sugar,0.059,Dairy,146.51,Medium,Tier 2,Supermarket Type2,17
12.48,Low Sugar,0.026,Frozen Foods,99.54,High,Tier 2,Supermarket Type1,39
14.02,No Sugar,0.064,Household,166.37,High,Tier 2,Supermarket Type1,39
16.41,Low Sugar,0.04,Baking Goods,173.77,Medium,Tier 1,Departmental Store,27
12.55,Low Sugar,0.039,Dairy,152.82,Medium,Tier 2,Supermarket Type2,17
13.4,Low Sugar,0.018,Fruits and Vegetables,219.77,Medium,Tier 1,Departmental Store,27
12.24,Regular,0.139,Frozen Foods,145.07,Medium,Tier 2,Supermarket Type2,17
15.02,Low Sugar,0.051,Frozen Foods,151.97,High,Tier 2,Supermarket Type1,39
15.02,No Sugar,0.125,Household,197.08,Medium,Tier 1,Departmental Store,27
10.87,Low Sugar,0.149,Soft Drinks,184.65,Medium,Tier 2,Supermarket Type2,17
8.07,Low Sugar,0.016,Fruits and Vegetables,160.89,Medium,Tier 2,Supermarket Type2,17
14.64,No Sugar,0.016,Health and Hygiene,168.0,Medium,Tier 1,Departmental Store,27
11.11,No Sugar,0.124,Others,147.86,Medium,Tier 2,Supermarket Type2,17
13.19,Low Sugar,0.042,Baking Goods,130.79,Medium,Tier 2,Supermarket Type2,17
11.01,No Sugar,0.017,Others,91.72,Small,Tier 3,Food Mart,28
13.17,Regular,0.044,Meat,214.77,High,Tier 2,Supermarket Type1,39
10.57,Low Sugar,0.058,Meat,133.11,Medium,Tier 2,Supermarket Type2,17
10.98,Low Sugar,0.125,Frozen Foods,184.29,Medium,Tier 2,Supermarket Type2,17
14.42,Low Sugar,0.129,Frozen Foods,152.98,Medium,Tier 2,Supermarket Type2,17
9.5,Regular,0.035,Hard Drinks,181.02,Medium,Tier 2,Supermarket Type2,17
11.36,Low Sugar,0.058,Snack Foods,173.62,Medium,Tier 2,Supermarket Type2,17
15.74,Low Sugar,0.172,Baking Goods,125.58,Medium,Tier 2,Supermarket Type2,17
11.85,No Sugar,0.128,Household,128.43,Medium,Tier 2,Supermarket Type2,17
13.63,Low Sugar,0.036,Soft Drinks,171.9,High,Tier 2,Supermarket Type1,39
14.06,Low Sugar,0.053,Soft Drinks,169.1,Medium,Tier 1,Departmental Store,27
14.3,Low Sugar,0.042,Fruits and Vegetables,149.61,Medium,Tier 2,Supermarket Type2,17
11.78,Low Sugar,0.174,Soft Drinks,96.9,Small,Tier 3,Food Mart,28
12.59,Low Sugar,0.018,Fruits and Vegetables,125.11,Medium,Tier 2,Supermarket Type2,17
13.38,Regular,0.042,Frozen Foods,162.95,Medium,Tier 2,Supermarket Type2,17
10.43,No Sugar,0.071,Household,110.95,Small,Tier 3,Food Mart,28
14.36,Regular,0.077,Soft Drinks,107.01,Medium,Tier 2,Supermarket Type2,17
14.13,Low Sugar,0.023,Baking Goods,179.64,Medium,Tier 1,Departmental Store,27
11.16,No Sugar,0.099,Household,176.02,Medium,Tier 2,Supermarket Type2,17
13.97,Regular,0.04,Frozen Foods,181.11,Medium,Tier 1,Departmental Store,27
12.44,Low Sugar,0.047,Baking Goods,159.73,Medium,Tier 2,Supermarket Type2,17
13.83,Low Sugar,0.064,Snack Foods,161.4,Small,Tier 3,Food Mart,28
17.05,Low Sugar,0.066,Snack Foods,203.48,Medium,Tier 1,Departmental Store,27
11.0,Regular,0.026,Dairy,136.85,Medium,Tier 2,Supermarket Type2,17
13.58,No Sugar,0.022,Household,145.46,Medium,Tier 2,Supermarket Type2,17
11.9,Regular,0.022,Snack Foods,119.42,Medium,Tier 2,Supermarket Type2,17
7.42,Low Sugar,0.052,Frozen Foods,98.35,Small,Tier 3,Food Mart,28
11.84,Regular,0.072,Canned,116.18,Medium,Tier 2,Supermarket Type2,17
14.69,Low Sugar,0.043,Dairy,181.42,High,Tier 2,Supermarket Type1,39
11.26,Low Sugar,0.146,Baking Goods,142.78,Medium,Tier 2,Supermarket Type2,17
11.25,Low Sugar,0.034,Breads,121.47,Medium,Tier 2,Supermarket Type2,17
15.57,Regular,0.052,Snack Foods,186.2,High,Tier 2,Supermarket Type1,39
15.63,reg,0.147,Frozen Foods,190.71,Medium,Tier 1,Departmental Store,27
11.93,Low Sugar,0.105,Fruits and Vegetables,178.76,Medium,Tier 2,Supermarket Type2,17
7.54,Low Sugar,0.079,Fruits and Vegetables,153.76,High,Tier 2,Supermarket Type1,39
12.65,Regular,0.093,Fruits and Vegetables,164.41,Medium,Tier 2,Supermarket Type2,17
11.51,Low Sugar,0.041,Snack Foods,151.54,Medium,Tier 2,Supermarket Type2,17
13.87,Low Sugar,0.055,Meat,142.04,Medium,Tier 2,Supermarket Type2,17
14.23,Low Sugar,0.076,Dairy,188.09,High,Tier 2,Supermarket Type1,39
9.23,Regular,0.105,Fruits and Vegetables,110.49,Small,Tier 3,Food Mart,28
9.94,Regular,0.046,Meat,132.99,Medium,Tier 2,Supermarket Type2,17
14.45,Low Sugar,0.089,Meat,130.31,Medium,Tier 2,Supermarket Type2,17
10.01,Regular,0.042,Baking Goods,123.73,High,Tier 2,Supermarket Type1,39
12.57,No Sugar,0.018,Household,118.08,Medium,Tier 2,Supermarket Type2,17
11.54,Regular,0.175,Baking Goods,178.34,Medium,Tier 2,Supermarket Type2,17
15.94,Low Sugar,0.042,Fruits and Vegetables,190.27,Medium,Tier 1,Departmental Store,27
12.36,Regular,0.035,Canned,176.08,Medium,Tier 2,Supermarket Type2,17
12.39,Regular,0.14,Breakfast,137.74,Medium,Tier 2,Supermarket Type2,17
13.97,Regular,0.052,Meat,161.06,High,Tier 2,Supermarket Type1,39
10.49,Low Sugar,0.097,Breads,112.91,Small,Tier 3,Food Mart,28
10.72,Low Sugar,0.043,Frozen Foods,152.56,Medium,Tier 2,Supermarket Type2,17
10.81,Regular,0.068,Canned,151.88,Medium,Tier 2,Supermarket Type2,17
12.58,Low Sugar,0.018,Breads,93.84,High,Tier 2,Supermarket Type1,39
10.24,Low Sugar,0.015,Seafood,176.28,Medium,Tier 2,Supermarket Type2,17
14.0,Regular,0.042,Breakfast,165.12,High,Tier 2,Supermarket Type1,39
13.82,Low Sugar,0.156,Frozen Foods,181.45,Medium,Tier 1,Departmental Store,27
11.78,Low Sugar,0.042,Snack Foods,61.63,Small,Tier 3,Food Mart,28
11.48,Low Sugar,0.035,Soft Drinks,125.5,Medium,Tier 2,Supermarket Type2,17
11.8,No Sugar,0.072,Household,108.98,High,Tier 2,Supermarket Type1,39
10.55,Low Sugar,0.023,Meat,156.74,Medium,Tier 2,Supermarket Type2,17
13.36,Low Sugar,0.03,Dairy,134.44,Medium,Tier 2,Supermarket Type2,17
8.77,Low Sugar,0.139,Snack Foods,93.29,Small,Tier 3,Food Mart,28
12.13,Low Sugar,0.13,Soft Drinks,171.09,Medium,Tier 2,Supermarket Type2,17
10.32,Low Sugar,0.113,Fruits and Vegetables,131.29,Medium,Tier 2,Supermarket Type2,17
11.86,Regular,0.083,Canned,130.73,Medium,Tier 2,Supermarket Type2,17
16.12,Low Sugar,0.079,Frozen Foods,190.07,Medium,Tier 1,Departmental Store,27
9.59,Low Sugar,0.043,Snack Foods,133.84,High,Tier 2,Supermarket Type1,39
15.18,No Sugar,0.025,Household,186.82,High,Tier 2,Supermarket Type1,39
8.52,Regular,0.012,Snack Foods,153.31,Medium,Tier 2,Supermarket Type2,17
10.63,Regular,0.152,Frozen Foods,146.72,Medium,Tier 2,Supermarket Type2,17
9.89,Low Sugar,0.145,Snack Foods,128.97,High,Tier 2,Supermarket Type1,39
13.71,Regular,0.073,Fruits and Vegetables,151.2,Medium,Tier 2,Supermarket Type2,17
13.41,No Sugar,0.081,Household,150.6,Medium,Tier 2,Supermarket Type2,17
11.55,Low Sugar,0.162,Starchy Foods,191.87,High,Tier 2,Supermarket Type1,39
13.01,Low Sugar,0.116,Dairy,145.12,Medium,Tier 2,Supermarket Type2,17
14.47,No Sugar,0.009,Health and Hygiene,238.69,Medium,Tier 1,Departmental Store,27
14.96,Low Sugar,0.104,Snack Foods,127.2,Medium,Tier 2,Supermarket Type2,17
14.65,Low Sugar,0.009,Soft Drinks,158.12,High,Tier 2,Supermarket Type1,39
13.97,Regular,0.117,Dairy,105.52,Medium,Tier 2,Supermarket Type2,17
14.91,No Sugar,0.023,Others,121.61,Medium,Tier 2,Supermarket Type2,17
13.93,Low Sugar,0.039,Meat,147.39,Medium,Tier 1,Departmental Store,27
12.79,Low Sugar,0.097,Dairy,141.13,Medium,Tier 2,Supermarket Type2,17
11.12,Low Sugar,0.186,Fruits and Vegetables,156.32,Medium,Tier 2,Supermarket Type2,17
12.09,Regular,0.038,Canned,147.86,Medium,Tier 2,Supermarket Type2,17
12.02,Regular,0.089,Frozen Foods,153.28,Medium,Tier 2,Supermarket Type2,17
15.53,Low Sugar,0.046,Canned,225.08,Medium,Tier 1,Departmental Store,27
17.16,Low Sugar,0.026,Dairy,180.2,Medium,Tier 1,Departmental Store,27
12.1,No Sugar,0.009,Others,183.08,High,Tier 2,Supermarket Type1,39
12.73,No Sugar,0.069,Household,153.45,Medium,Tier 2,Supermarket Type2,17
11.15,Low Sugar,0.087,Snack Foods,151.11,Medium,Tier 2,Supermarket Type2,17
14.56,Low Sugar,0.024,Baking Goods,187.96,High,Tier 2,Supermarket Type1,39
9.29,Low Sugar,0.043,Dairy,139.78,Medium,Tier 2,Supermarket Type2,17
6.95,Low Sugar,0.061,Snack Foods,78.82,Small,Tier 3,Food Mart,28
12.18,Low Sugar,0.027,Frozen Foods,161.55,Medium,Tier 2,Supermarket Type2,17
11.89,No Sugar,0.11,Health and Hygiene,110.23,Medium,Tier 2,Supermarket Type2,17
11.69,Low Sugar,0.053,Baking Goods,158.94,Small,Tier 3,Food Mart,28
13.79,Low Sugar,0.074,Canned,151.5,Medium,Tier 2,Supermarket Type2,17
14.5,Regular,0.046,Snack Foods,165.21,Medium,Tier 1,Departmental Store,27
15.75,Regular,0.047,Canned,192.84,Medium,Tier 1,Departmental Store,27
10.01,Regular,0.052,Snack Foods,171.37,Medium,Tier 2,Supermarket Type2,17
10.99,Low Sugar,0.057,Snack Foods,140.77,Medium,Tier 2,Supermarket Type2,17
11.92,Low Sugar,0.035,Fruits and Vegetables,146.65,Medium,Tier 2,Supermarket Type2,17
17.12,No Sugar,0.13,Health and Hygiene,166.63,Medium,Tier 1,Departmental Store,27
14.26,Low Sugar,0.166,Dairy,133.46,Medium,Tier 2,Supermarket Type2,17
15.9,Low Sugar,0.076,Frozen Foods,198.33,Medium,Tier 1,Departmental Store,27
8.75,Low Sugar,0.068,Fruits and Vegetables,105.97,Small,Tier 3,Food Mart,28
14.3,Regular,0.02,Canned,138.49,Medium,Tier 2,Supermarket Type2,17
10.55,Low Sugar,0.03,Snack Foods,132.86,Medium,Tier 2,Supermarket Type2,17
15.42,Low Sugar,0.019,Snack Foods,173.6,High,Tier 2,Supermarket Type1,39
10.03,Low Sugar,0.017,Fruits and Vegetables,104.65,Small,Tier 3,Food Mart,28
14.51,Regular,0.065,Canned,170.68,Medium,Tier 1,Departmental Store,27
11.64,Low Sugar,0.05,Snack Foods,126.35,Medium,Tier 2,Supermarket Type2,17
13.3,Regular,0.076,Dairy,138.01,Medium,Tier 2,Supermarket Type2,17
11.85,Low Sugar,0.029,Starchy Foods,99.67,High,Tier 2,Supermarket Type1,39
8.35,Regular,0.015,Baking Goods,106.13,Small,Tier 3,Food Mart,28
14.22,Regular,0.083,Canned,158.94,High,Tier 2,Supermarket Type1,39
12.66,No Sugar,0.058,Household,145.17,Medium,Tier 2,Supermarket Type2,17
9.85,Low Sugar,0.045,Dairy,151.38,Medium,Tier 2,Supermarket Type2,17
13.71,Low Sugar,0.066,Snack Foods,130.69,Medium,Tier 2,Supermarket Type2,17
11.29,Low Sugar,0.108,Canned,157.25,Medium,Tier 2,Supermarket Type2,17
15.44,Regular,0.057,Snack Foods,189.78,Medium,Tier 1,Departmental Store,27
14.09,Low Sugar,0.046,Meat,150.12,Medium,Tier 2,Supermarket Type2,17
14.2,Low Sugar,0.024,Canned,126.58,Medium,Tier 2,Supermarket Type2,17
16.17,Regular,0.015,Snack Foods,219.42,Medium,Tier 1,Departmental Store,27
15.74,Regular,0.17,Frozen Foods,172.77,High,Tier 2,Supermarket Type1,39
11.76,Regular,0.037,Dairy,106.78,High,Tier 2,Supermarket Type1,39
15.0,Low Sugar,0.081,Soft Drinks,175.22,High,Tier 2,Supermarket Type1,39
10.32,Low Sugar,0.043,Fruits and Vegetables,137.9,Medium,Tier 2,Supermarket Type2,17
8.52,Low Sugar,0.055,Meat,105.69,Small,Tier 3,Food Mart,28
12.85,Low Sugar,0.009,Frozen Foods,174.84,High,Tier 2,Supermarket Type1,39
10.93,Regular,0.179,Snack Foods,125.73,Medium,Tier 2,Supermarket Type2,17
13.76,Low Sugar,0.041,Frozen Foods,147.45,Medium,Tier 2,Supermarket Type2,17
9.19,Regular,0.046,Meat,108.36,Small,Tier 3,Food Mart,28
14.57,No Sugar,0.117,Household,174.42,Medium,Tier 1,Departmental Store,27
14.1,Low Sugar,0.056,Starchy Foods,161.7,High,Tier 2,Supermarket Type1,39
12.11,Regular,0.126,Snack Foods,144.37,Medium,Tier 2,Supermarket Type2,17
13.55,Low Sugar,0.043,Dairy,191.19,High,Tier 2,Supermarket Type1,39
9.67,Regular,0.093,Frozen Foods,114.76,Small,Tier 3,Food Mart,28
9.9,Low Sugar,0.113,Frozen Foods,143.4,Medium,Tier 2,Supermarket Type2,17
11.0,No Sugar,0.038,Household,139.71,Medium,Tier 2,Supermarket Type2,17
10.62,No Sugar,0.027,Health and Hygiene,157.19,Medium,Tier 2,Supermarket Type2,17
11.31,Low Sugar,0.014,Meat,162.54,Medium,Tier 2,Supermarket Type2,17
13.2,Low Sugar,0.033,Snack Foods,131.79,Medium,Tier 2,Supermarket Type2,17
12.21,Low Sugar,0.168,Frozen Foods,118.01,Medium,Tier 2,Supermarket Type2,17
14.75,Low Sugar,0.053,Fruits and Vegetables,166.92,Medium,Tier 1,Departmental Store,27
12.99,Low Sugar,0.072,Hard Drinks,202.05,High,Tier 2,Supermarket Type1,39
15.41,Low Sugar,0.089,Snack Foods,195.41,Medium,Tier 1,Departmental Store,27
8.71,Low Sugar,0.048,Fruits and Vegetables,112.89,Small,Tier 3,Food Mart,28
15.34,No Sugar,0.082,Health and Hygiene,163.08,Medium,Tier 1,Departmental Store,27
13.45,Low Sugar,0.092,Hard Drinks,153.92,Medium,Tier 2,Supermarket Type2,17
15.96,Low Sugar,0.045,Canned,159.06,Medium,Tier 1,Departmental Store,27
15.53,reg,0.104,Baking Goods,127.96,Medium,Tier 2,Supermarket Type2,17
11.85,Low Sugar,0.027,Snack Foods,143.52,Medium,Tier 2,Supermarket Type2,17
13.43,Low Sugar,0.037,Snack Foods,200.69,High,Tier 2,Supermarket Type1,39
14.39,No Sugar,0.099,Health and Hygiene,146.09,Medium,Tier 2,Supermarket Type2,17
17.47,Regular,0.03,Meat,175.52,Medium,Tier 1,Departmental Store,27
14.92,Low Sugar,0.173,Soft Drinks,172.54,Medium,Tier 1,Departmental Store,27
13.01,Low Sugar,0.036,Frozen Foods,174.9,High,Tier 2,Supermarket Type1,39
13.43,Low Sugar,0.016,Fruits and Vegetables,142.04,Medium,Tier 2,Supermarket Type2,17
13.33,Low Sugar,0.129,Fruits and Vegetables,154.17,Medium,Tier 2,Supermarket Type2,17
14.25,Low Sugar,0.05,Frozen Foods,139.12,Medium,Tier 2,Supermarket Type2,17
14.79,Low Sugar,0.037,Fruits and Vegetables,211.92,Medium,Tier 1,Departmental Store,27
13.51,Low Sugar,0.191,Fruits and Vegetables,142.7,Medium,Tier 2,Supermarket Type2,17
8.03,Regular,0.177,Meat,129.85,Small,Tier 3,Food Mart,28
11.23,Low Sugar,0.061,Fruits and Vegetables,170.56,Medium,Tier 2,Supermarket Type2,17
14.51,Low Sugar,0.023,Snack Foods,181.84,High,Tier 2,Supermarket Type1,39
13.31,Low Sugar,0.046,Meat,174.14,High,Tier 2,Supermarket Type1,39
11.81,Low Sugar,0.1,Soft Drinks,180.62,Medium,Tier 2,Supermarket Type2,17
14.92,Low Sugar,0.114,Seafood,160.54,Medium,Tier 1,Departmental Store,27
13.96,Low Sugar,0.176,Fruits and Vegetables,161.83,High,Tier 2,Supermarket Type1,39
14.58,No Sugar,0.061,Household,149.75,Medium,Tier 2,Supermarket Type2,17
11.57,Low Sugar,0.009,Frozen Foods,109.25,High,Tier 2,Supermarket Type1,39
9.09,Low Sugar,0.16,Baking Goods,124.01,Small,Tier 3,Food Mart,28
14.1,No Sugar,0.052,Household,138.77,Medium,Tier 2,Supermarket Type2,17
15.15,Low Sugar,0.048,Fruits and Vegetables,178.89,High,Tier 2,Supermarket Type1,39
12.81,Low Sugar,0.019,Snack Foods,189.23,Medium,Tier 1,Departmental Store,27
15.34,Low Sugar,0.104,Starchy Foods,176.23,High,Tier 2,Supermarket Type1,39
15.51,Regular,0.107,Baking Goods,208.1,Medium,Tier 1,Departmental Store,27
11.32,Low Sugar,0.079,Starchy Foods,123.82,Medium,Tier 2,Supermarket Type2,17
11.24,Low Sugar,0.043,Fruits and Vegetables,97.27,Small,Tier 3,Food Mart,28
10.85,Low Sugar,0.094,Soft Drinks,160.07,Medium,Tier 2,Supermarket Type2,17
11.25,No Sugar,0.016,Health and Hygiene,148.84,Medium,Tier 2,Supermarket Type2,17
12.8,Low Sugar,0.121,Snack Foods,124.85,Medium,Tier 2,Supermarket Type2,17
13.48,Low Sugar,0.177,Baking Goods,159.8,Medium,Tier 2,Supermarket Type2,17
13.65,Regular,0.053,Hard Drinks,158.83,Medium,Tier 2,Supermarket Type2,17
16.32,Low Sugar,0.009,Breads,107.52,Medium,Tier 2,Supermarket Type2,17
16.06,Low Sugar,0.089,Breakfast,152.28,Medium,Tier 1,Departmental Store,27
10.7,Low Sugar,0.007,Breakfast,134.68,Medium,Tier 2,Supermarket Type2,17
12.53,Low Sugar,0.063,Frozen Foods,115.35,Medium,Tier 2,Supermarket Type2,17
12.47,Low Sugar,0.021,Baking Goods,66.16,Small,Tier 3,Food Mart,28
10.72,Low Sugar,0.052,Soft Drinks,161.86,Medium,Tier 2,Supermarket Type2,17
14.39,Regular,0.033,Soft Drinks,180.9,High,Tier 2,Supermarket Type1,39
11.08,Low Sugar,0.125,Frozen Foods,95.69,Small,Tier 3,Food Mart,28
13.88,Low Sugar,0.033,Baking Goods,179.07,Medium,Tier 1,Departmental Store,27
10.23,Regular,0.026,Meat,136.92,Medium,Tier 2,Supermarket Type2,17
14.67,Regular,0.116,Dairy,175.45,Medium,Tier 1,Departmental Store,27
13.68,Low Sugar,0.156,Canned,150.62,Medium,Tier 2,Supermarket Type2,17
10.81,No Sugar,0.024,Household,163.75,Medium,Tier 2,Supermarket Type2,17
18.06,Low Sugar,0.057,Fruits and Vegetables,246.35,Medium,Tier 1,Departmental Store,27
14.94,Low Sugar,0.053,Fruits and Vegetables,177.84,High,Tier 2,Supermarket Type1,39
11.92,No Sugar,0.048,Health and Hygiene,159.44,Medium,Tier 2,Supermarket Type2,17
12.82,No Sugar,0.093,Health and Hygiene,209.19,High,Tier 2,Supermarket Type1,39
14.82,Regular,0.118,Canned,146.55,Medium,Tier 2,Supermarket Type2,17
9.19,Regular,0.032,Fruits and Vegetables,140.03,Medium,Tier 2,Supermarket Type2,17
12.59,Low Sugar,0.154,Frozen Foods,129.99,Medium,Tier 2,Supermarket Type2,17
9.45,Low Sugar,0.095,Snack Foods,116.59,Small,Tier 3,Food Mart,28
12.81,No Sugar,0.079,Health and Hygiene,175.24,High,Tier 2,Supermarket Type1,39
12.09,Low Sugar,0.108,Breakfast,146.57,Medium,Tier 2,Supermarket Type2,17
9.2,Low Sugar,0.136,Canned,66.56,Small,Tier 3,Food Mart,28
14.06,No Sugar,0.026,Household,185.91,High,Tier 2,Supermarket Type1,39
10.74,Low Sugar,0.073,Starchy Foods,180.4,Medium,Tier 2,Supermarket Type2,17
14.39,Low Sugar,0.057,Snack Foods,167.59,Medium,Tier 1,Departmental Store,27
16.68,Regular,0.015,Dairy,191.27,Medium,Tier 1,Departmental Store,27
13.53,Regular,0.019,Dairy,123.41,Medium,Tier 2,Supermarket Type2,17
12.71,Low Sugar,0.045,Fruits and Vegetables,170.49,Medium,Tier 2,Supermarket Type2,17
10.64,Regular,0.025,Baking Goods,144.63,Medium,Tier 2,Supermarket Type2,17
11.61,Low Sugar,0.085,Snack Foods,165.65,Medium,Tier 2,Supermarket Type2,17
12.56,No Sugar,0.057,Health and Hygiene,180.23,Medium,Tier 1,Departmental Store,27
10.69,Low Sugar,0.035,Dairy,141.42,Medium,Tier 2,Supermarket Type2,17
9.2,Low Sugar,0.164,Frozen Foods,214.95,High,Tier 2,Supermarket Type1,39
10.71,Low Sugar,0.016,Fruits and Vegetables,128.6,Medium,Tier 2,Supermarket Type2,17
12.85,Regular,0.032,Dairy,137.41,Medium,Tier 2,Supermarket Type2,17
13.76,Low Sugar,0.026,Fruits and Vegetables,156.99,Medium,Tier 2,Supermarket Type2,17
11.07,Low Sugar,0.014,Frozen Foods,151.88,Medium,Tier 2,Supermarket Type2,17
13.75,Regular,0.027,Fruits and Vegetables,163.08,High,Tier 2,Supermarket Type1,39
15.85,Low Sugar,0.012,Hard Drinks,213.5,Medium,Tier 1,Departmental Store,27
11.91,Low Sugar,0.053,Baking Goods,73.22,Small,Tier 3,Food Mart,28
9.77,No Sugar,0.084,Others,175.72,Medium,Tier 2,Supermarket Type2,17
7.54,Low Sugar,0.066,Meat,82.03,Small,Tier 3,Food Mart,28
14.08,No Sugar,0.034,Health and Hygiene,154.97,Medium,Tier 2,Supermarket Type2,17
15.89,Low Sugar,0.073,Baking Goods,141.69,High,Tier 2,Supermarket Type1,39
13.09,Low Sugar,0.01,Fruits and Vegetables,192.72,Medium,Tier 1,Departmental Store,27
10.59,Low Sugar,0.12,Breakfast,159.52,Medium,Tier 2,Supermarket Type2,17
13.8,Low Sugar,0.08,Fruits and Vegetables,130.16,Medium,Tier 2,Supermarket Type2,17
12.47,Low Sugar,0.047,Fruits and Vegetables,148.74,Medium,Tier 2,Supermarket Type2,17
13.0,Regular,0.047,Snack Foods,121.32,Medium,Tier 2,Supermarket Type2,17
15.47,Low Sugar,0.035,Snack Foods,130.49,Medium,Tier 2,Supermarket Type2,17
10.2,Low Sugar,0.14,Snack Foods,108.85,Small,Tier 3,Food Mart,28
15.48,No Sugar,0.133,Others,196.6,Medium,Tier 1,Departmental Store,27
16.05,Low Sugar,0.1,Dairy,132.0,Medium,Tier 1,Departmental Store,27
17.02,Regular,0.166,Dairy,164.54,Medium,Tier 1,Departmental Store,27
10.83,Low Sugar,0.034,Fruits and Vegetables,133.11,Medium,Tier 2,Supermarket Type2,17
13.31,Low Sugar,0.08,Hard Drinks,151.71,Medium,Tier 2,Supermarket Type2,17
13.54,Regular,0.084,Fruits and Vegetables,157.19,Medium,Tier 2,Supermarket Type2,17
13.59,Low Sugar,0.053,Frozen Foods,145.62,Medium,Tier 2,Supermarket Type2,17
12.08,Low Sugar,0.029,Dairy,117.53,Medium,Tier 2,Supermarket Type2,17
14.0,Regular,0.06,Fruits and Vegetables,170.11,Medium,Tier 1,Departmental Store,27
14.43,No Sugar,0.186,Others,210.3,Medium,Tier 1,Departmental Store,27
8.55,Low Sugar,0.092,Snack Foods,110.85,Small,Tier 3,Food Mart,28
12.93,Low Sugar,0.029,Baking Goods,150.47,Medium,Tier 2,Supermarket Type2,17
15.98,Low Sugar,0.052,Canned,168.47,High,Tier 2,Supermarket Type1,39
13.49,No Sugar,0.032,Health and Hygiene,100.65,Medium,Tier 2,Supermarket Type2,17
17.06,No Sugar,0.019,Health and Hygiene,205.71,Medium,Tier 1,Departmental Store,27
13.64,Low Sugar,0.016,Breakfast,140.7,Medium,Tier 2,Supermarket Type2,17
14.55,No Sugar,0.092,Health and Hygiene,148.29,Medium,Tier 2,Supermarket Type2,17
10.56,Regular,0.083,Seafood,85.83,Small,Tier 3,Food Mart,28
14.08,Regular,0.057,Dairy,180.83,Medium,Tier 1,Departmental Store,27
12.94,Low Sugar,0.035,Soft Drinks,167.73,Medium,Tier 2,Supermarket Type2,17
12.35,No Sugar,0.081,Others,135.79,Medium,Tier 2,Supermarket Type2,17
13.25,Low Sugar,0.063,Baking Goods,168.91,High,Tier 2,Supermarket Type1,39
10.68,Low Sugar,0.051,Fruits and Vegetables,128.19,Medium,Tier 2,Supermarket Type2,17
13.52,Low Sugar,0.046,Hard Drinks,86.63,High,Tier 2,Supermarket Type1,39
7.08,Low Sugar,0.066,Snack Foods,136.87,Small,Tier 3,Food Mart,28
11.8,Regular,0.073,Hard Drinks,150.58,Medium,Tier 2,Supermarket Type2,17
12.94,Low Sugar,0.035,Snack Foods,159.67,Medium,Tier 2,Supermarket Type2,17
19.5,Low Sugar,0.083,Canned,213.11,Medium,Tier 1,Departmental Store,27
15.24,Low Sugar,0.042,Dairy,157.75,Medium,Tier 1,Departmental Store,27
15.96,Low Sugar,0.027,Seafood,213.29,Medium,Tier 1,Departmental Store,27
11.88,Low Sugar,0.026,Fruits and Vegetables,120.82,Medium,Tier 2,Supermarket Type2,17
9.57,Low Sugar,0.079,Canned,121.06,Small,Tier 3,Food Mart,28
14.44,No Sugar,0.04,Health and Hygiene,152.21,Medium,Tier 2,Supermarket Type2,17
11.8,Low Sugar,0.125,Canned,123.7,Medium,Tier 2,Supermarket Type2,17
14.56,No Sugar,0.025,Household,134.52,Medium,Tier 2,Supermarket Type2,17
11.27,Low Sugar,0.044,Hard Drinks,111.63,High,Tier 2,Supermarket Type1,39
13.1,Low Sugar,0.126,Dairy,183.75,Medium,Tier 1,Departmental Store,27
14.27,Low Sugar,0.124,Fruits and Vegetables,152.42,Medium,Tier 2,Supermarket Type2,17
14.46,Regular,0.058,Fruits and Vegetables,181.06,High,Tier 2,Supermarket Type1,39
12.04,Low Sugar,0.059,Canned,156.28,Medium,Tier 2,Supermarket Type2,17
12.84,No Sugar,0.077,Household,129.38,Medium,Tier 2,Supermarket Type2,17
13.42,No Sugar,0.064,Household,136.32,Medium,Tier 2,Supermarket Type2,17
11.81,Low Sugar,0.085,Snack Foods,90.24,Small,Tier 3,Food Mart,28
7.38,Regular,0.018,Soft Drinks,61.0,Small,Tier 3,Food Mart,28
11.29,Regular,0.085,Dairy,150.24,Medium,Tier 2,Supermarket Type2,17
14.25,Low Sugar,0.147,Snack Foods,142.02,Medium,Tier 2,Supermarket Type2,17
14.19,Low Sugar,0.097,Dairy,174.24,Medium,Tier 1,Departmental Store,27
10.4,No Sugar,0.076,Health and Hygiene,150.81,Medium,Tier 2,Supermarket Type2,17
8.56,Regular,0.015,Fruits and Vegetables,147.78,Medium,Tier 2,Supermarket Type2,17
13.6,Low Sugar,0.035,Breakfast,158.01,Medium,Tier 2,Supermarket Type2,17
16.07,Low Sugar,0.155,Snack Foods,167.79,High,Tier 2,Supermarket Type1,39
11.96,Regular,0.024,Baking Goods,137.69,Medium,Tier 2,Supermarket Type2,17
12.73,Low Sugar,0.091,Baking Goods,125.4,Medium,Tier 2,Supermarket Type2,17
11.79,Low Sugar,0.079,Fruits and Vegetables,151.57,Medium,Tier 2,Supermarket Type2,17
13.97,Low Sugar,0.039,Fruits and Vegetables,104.49,Small,Tier 3,Food Mart,28
12.15,No Sugar,0.029,Others,123.44,Medium,Tier 2,Supermarket Type2,17
9.83,Low Sugar,0.07,Meat,157.69,Medium,Tier 2,Supermarket Type2,17
17.25,No Sugar,0.038,Household,167.72,Medium,Tier 1,Departmental Store,27
9.63,Regular,0.035,Fruits and Vegetables,62.64,Small,Tier 3,Food Mart,28
13.2,Regular,0.118,Fruits and Vegetables,149.92,Medium,Tier 2,Supermarket Type2,17
12.35,Low Sugar,0.057,Frozen Foods,96.96,High,Tier 2,Supermarket Type1,39
12.76,No Sugar,0.042,Health and Hygiene,140.2,Medium,Tier 2,Supermarket Type2,17
11.6,Regular,0.113,Meat,93.72,Small,Tier 3,Food Mart,28
10.47,No Sugar,0.054,Others,123.41,High,Tier 2,Supermarket Type1,39
15.36,Low Sugar,0.082,Baking Goods,165.34,Medium,Tier 1,Departmental Store,27
10.73,Low Sugar,0.027,Frozen Foods,137.82,Medium,Tier 2,Supermarket Type2,17
12.34,Low Sugar,0.016,Dairy,75.29,Small,Tier 3,Food Mart,28
14.48,Low Sugar,0.027,Breads,140.08,Medium,Tier 2,Supermarket Type2,17
14.79,Low Sugar,0.05,Baking Goods,143.99,Medium,Tier 2,Supermarket Type2,17
12.42,Regular,0.018,Snack Foods,157.01,Medium,Tier 2,Supermarket Type2,17
12.08,Regular,0.034,Fruits and Vegetables,142.25,Medium,Tier 2,Supermarket Type2,17
12.85,Regular,0.078,Fruits and Vegetables,170.12,Medium,Tier 2,Supermarket Type2,17
11.59,No Sugar,0.039,Household,123.02,Medium,Tier 2,Supermarket Type2,17
14.22,Low Sugar,0.031,Fruits and Vegetables,151.84,Medium,Tier 2,Supermarket Type2,17
8.62,Low Sugar,0.016,Frozen Foods,110.99,Small,Tier 3,Food Mart,28
11.75,No Sugar,0.09,Health and Hygiene,146.97,Medium,Tier 2,Supermarket Type2,17
11.33,Regular,0.026,Snack Foods,110.96,High,Tier 2,Supermarket Type1,39
15.39,Low Sugar,0.164,Frozen Foods,204.82,Medium,Tier 1,Departmental Store,27
10.37,Low Sugar,0.019,Dairy,163.15,Medium,Tier 2,Supermarket Type2,17
9.55,Regular,0.137,Meat,80.61,Small,Tier 3,Food Mart,28
14.51,Low Sugar,0.076,Snack Foods,172.52,Medium,Tier 1,Departmental Store,27
11.92,Low Sugar,0.061,Frozen Foods,130.27,Medium,Tier 2,Supermarket Type2,17
13.5,Low Sugar,0.028,Snack Foods,149.52,Medium,Tier 2,Supermarket Type2,17
13.09,Low Sugar,0.009,Breads,160.81,Medium,Tier 2,Supermarket Type2,17
12.51,Regular,0.098,Fruits and Vegetables,160.26,Medium,Tier 2,Supermarket Type2,17
11.59,Low Sugar,0.103,Fruits and Vegetables,127.3,Medium,Tier 2,Supermarket Type2,17
10.14,Low Sugar,0.125,Meat,176.79,Medium,Tier 2,Supermarket Type2,17
13.41,Low Sugar,0.034,Fruits and Vegetables,146.26,Medium,Tier 2,Supermarket Type2,17
15.02,Regular,0.039,Frozen Foods,152.06,High,Tier 2,Supermarket Type1,39
11.91,Low Sugar,0.032,Fruits and Vegetables,135.88,Medium,Tier 2,Supermarket Type2,17
14.02,Low Sugar,0.042,Fruits and Vegetables,201.63,High,Tier 2,Supermarket Type1,39
15.18,Low Sugar,0.064,Baking Goods,213.98,Medium,Tier 1,Departmental Store,27
13.41,Regular,0.067,Soft Drinks,119.52,Medium,Tier 2,Supermarket Type2,17
13.88,Regular,0.126,Breakfast,150.44,Medium,Tier 2,Supermarket Type2,17
11.7,Low Sugar,0.01,Meat,142.9,Medium,Tier 2,Supermarket Type2,17
9.02,No Sugar,0.082,Others,125.38,Small,Tier 3,Food Mart,28
10.91,Regular,0.03,Fruits and Vegetables,131.08,Medium,Tier 2,Supermarket Type2,17
8.11,No Sugar,0.039,Others,76.87,Small,Tier 3,Food Mart,28
10.61,Low Sugar,0.139,Breads,166.81,Medium,Tier 2,Supermarket Type2,17
15.87,Low Sugar,0.058,Fruits and Vegetables,169.17,High,Tier 2,Supermarket Type1,39
12.59,Regular,0.034,Frozen Foods,135.31,Medium,Tier 2,Supermarket Type2,17
10.38,Regular,0.03,Soft Drinks,109.52,Small,Tier 3,Food Mart,28
12.38,Low Sugar,0.039,Frozen Foods,153.26,Medium,Tier 2,Supermarket Type2,17
11.5,Low Sugar,0.069,Soft Drinks,146.69,Medium,Tier 2,Supermarket Type2,17
15.4,No Sugar,0.064,Health and Hygiene,165.24,Medium,Tier 1,Departmental Store,27
13.22,Low Sugar,0.071,Fruits and Vegetables,183.53,Medium,Tier 1,Departmental Store,27
13.39,Low Sugar,0.034,Dairy,133.53,Medium,Tier 1,Departmental Store,27
11.38,Low Sugar,0.073,Meat,158.73,Medium,Tier 2,Supermarket Type2,17
13.27,Low Sugar,0.116,Snack Foods,158.91,Medium,Tier 2,Supermarket Type2,17
11.23,Low Sugar,0.042,Meat,167.33,Medium,Tier 2,Supermarket Type2,17
11.81,Low Sugar,0.01,Canned,127.14,Medium,Tier 2,Supermarket Type2,17
12.72,No Sugar,0.051,Health and Hygiene,150.71,Medium,Tier 2,Supermarket Type2,17
10.12,No Sugar,0.031,Health and Hygiene,141.35,Medium,Tier 2,Supermarket Type2,17
13.05,Low Sugar,0.069,Dairy,148.45,Medium,Tier 2,Supermarket Type2,17
12.69,Low Sugar,0.049,Snack Foods,133.61,Medium,Tier 2,Supermarket Type2,17
15.84,Low Sugar,0.028,Fruits and Vegetables,169.37,High,Tier 2,Supermarket Type1,39
13.84,Low Sugar,0.019,Seafood,144.55,Medium,Tier 2,Supermarket Type2,17
14.68,Regular,0.143,Fruits and Vegetables,145.32,Medium,Tier 2,Supermarket Type2,17
14.58,No Sugar,0.061,Household,156.21,High,Tier 2,Supermarket Type1,39
12.77,Low Sugar,0.081,Snack Foods,146.32,Medium,Tier 2,Supermarket Type2,17
14.56,Low Sugar,0.082,Soft Drinks,130.92,Medium,Tier 2,Supermarket Type2,17
17.96,No Sugar,0.123,Health and Hygiene,201.49,Medium,Tier 1,Departmental Store,27
7.6,Regular,0.154,Snack Foods,168.4,Medium,Tier 2,Supermarket Type2,17
14.46,Regular,0.154,Dairy,154.78,High,Tier 2,Supermarket Type1,39
12.92,No Sugar,0.009,Household,99.86,Medium,Tier 2,Supermarket Type2,17
7.75,No Sugar,0.029,Others,90.53,Small,Tier 3,Food Mart,28
14.14,No Sugar,0.018,Household,140.66,Medium,Tier 2,Supermarket Type2,17
10.17,Low Sugar,0.098,Frozen Foods,74.27,Small,Tier 3,Food Mart,28
13.17,Low Sugar,0.055,Soft Drinks,168.8,High,Tier 2,Supermarket Type1,39
12.97,Low Sugar,0.053,Meat,108.52,Medium,Tier 2,Supermarket Type2,17
12.27,Low Sugar,0.021,Breads,142.68,Medium,Tier 2,Supermarket Type2,17
14.36,Low Sugar,0.024,Dairy,173.68,Medium,Tier 1,Departmental Store,27
11.08,No Sugar,0.076,Others,149.09,Medium,Tier 2,Supermarket Type2,17
12.82,Low Sugar,0.076,Fruits and Vegetables,150.09,Medium,Tier 2,Supermarket Type2,17
12.09,Low Sugar,0.064,Fruits and Vegetables,127.34,Medium,Tier 2,Supermarket Type2,17
14.64,Low Sugar,0.093,Meat,128.3,Medium,Tier 2,Supermarket Type2,17
9.7,Regular,0.104,Fruits and Vegetables,121.29,Small,Tier 3,Food Mart,28
12.23,Regular,0.026,Snack Foods,119.58,Medium,Tier 2,Supermarket Type2,17
14.04,No Sugar,0.065,Others,189.59,High,Tier 2,Supermarket Type1,39
9.23,Low Sugar,0.027,Canned,145.12,Medium,Tier 2,Supermarket Type2,17
13.46,Low Sugar,0.052,Dairy,151.55,Medium,Tier 2,Supermarket Type2,17
11.82,Low Sugar,0.097,Fruits and Vegetables,164.34,Medium,Tier 2,Supermarket Type2,17
11.99,Regular,0.162,Meat,133.62,Medium,Tier 2,Supermarket Type2,17
13.92,No Sugar,0.112,Health and Hygiene,182.11,Medium,Tier 1,Departmental Store,27
11.39,No Sugar,0.021,Household,120.74,Medium,Tier 2,Supermarket Type2,17
16.41,Regular,0.126,Frozen Foods,166.61,High,Tier 2,Supermarket Type1,39
14.57,Low Sugar,0.053,Snack Foods,208.65,Medium,Tier 1,Departmental Store,27
14.79,Regular,0.091,Baking Goods,147.9,Medium,Tier 2,Supermarket Type2,17
15.92,Low Sugar,0.014,Snack Foods,164.27,High,Tier 2,Supermarket Type1,39
16.25,Regular,0.125,Baking Goods,167.24,High,Tier 2,Supermarket Type1,39
15.28,Regular,0.036,Dairy,155.96,Medium,Tier 1,Departmental Store,27
12.15,Low Sugar,0.098,Meat,207.69,High,Tier 2,Supermarket Type1,39
13.01,Low Sugar,0.014,Soft Drinks,131.46,Medium,Tier 2,Supermarket Type2,17
9.62,Low Sugar,0.039,Baking Goods,177.12,Medium,Tier 2,Supermarket Type2,17
16.36,Low Sugar,0.162,Hard Drinks,185.88,Medium,Tier 1,Departmental Store,27
14.46,Low Sugar,0.042,Soft Drinks,159.49,High,Tier 2,Supermarket Type1,39
13.47,Regular,0.023,Dairy,110.9,Medium,Tier 2,Supermarket Type2,17
12.58,Low Sugar,0.028,Dairy,157.84,Medium,Tier 2,Supermarket Type2,17
10.47,No Sugar,0.142,Health and Hygiene,164.03,Medium,Tier 2,Supermarket Type2,17
15.03,Low Sugar,0.089,Canned,148.1,High,Tier 2,Supermarket Type1,39
14.43,Low Sugar,0.055,Meat,180.36,High,Tier 2,Supermarket Type1,39
9.01,No Sugar,0.021,Health and Hygiene,119.22,Small,Tier 3,Food Mart,28
14.02,Low Sugar,0.065,Baking Goods,171.44,Medium,Tier 1,Departmental Store,27
16.64,Low Sugar,0.022,Canned,127.51,Medium,Tier 2,Supermarket Type2,17
16.8,Low Sugar,0.025,Breads,153.62,High,Tier 2,Supermarket Type1,39
13.98,Regular,0.034,Meat,162.36,High,Tier 2,Supermarket Type1,39
15.69,Low Sugar,0.116,Dairy,203.85,Medium,Tier 1,Departmental Store,27
11.44,Regular,0.045,Fruits and Vegetables,131.36,Medium,Tier 2,Supermarket Type2,17
10.66,Low Sugar,0.04,Soft Drinks,161.13,Medium,Tier 2,Supermarket Type2,17
9.87,No Sugar,0.023,Health and Hygiene,122.38,High,Tier 2,Supermarket Type1,39
12.78,Low Sugar,0.045,Dairy,155.31,Medium,Tier 2,Supermarket Type2,17
10.07,No Sugar,0.035,Health and Hygiene,126.01,High,Tier 2,Supermarket Type1,39
11.45,Regular,0.073,Frozen Foods,179.48,Medium,Tier 2,Supermarket Type2,17
8.7,Low Sugar,0.14,Frozen Foods,136.65,High,Tier 2,Supermarket Type1,39
11.85,Low Sugar,0.026,Snack Foods,138.75,Medium,Tier 2,Supermarket Type2,17
12.88,Low Sugar,0.171,Frozen Foods,129.97,Medium,Tier 2,Supermarket Type2,17
15.37,Low Sugar,0.035,Fruits and Vegetables,174.97,High,Tier 2,Supermarket Type1,39
12.42,Low Sugar,0.168,Fruits and Vegetables,129.59,Medium,Tier 2,Supermarket Type2,17
13.37,Regular,0.164,Baking Goods,143.37,Medium,Tier 2,Supermarket Type2,17
11.74,Low Sugar,0.154,Baking Goods,117.14,Medium,Tier 2,Supermarket Type2,17
12.39,Low Sugar,0.073,Soft Drinks,102.87,High,Tier 2,Supermarket Type1,39
12.1,Low Sugar,0.147,Baking Goods,166.09,Medium,Tier 2,Supermarket Type2,17
13.84,No Sugar,0.076,Household,167.8,High,Tier 2,Supermarket Type1,39
17.0,Regular,0.098,Baking Goods,169.53,Medium,Tier 1,Departmental Store,27
7.47,Low Sugar,0.047,Frozen Foods,141.41,Small,Tier 3,Food Mart,28
13.96,No Sugar,0.044,Household,121.53,Medium,Tier 2,Supermarket Type2,17
13.8,Low Sugar,0.095,Fruits and Vegetables,141.98,Medium,Tier 2,Supermarket Type2,17
11.92,Low Sugar,0.048,Frozen Foods,111.83,Medium,Tier 2,Supermarket Type2,17
15.69,No Sugar,0.04,Health and Hygiene,147.62,High,Tier 2,Supermarket Type1,39
12.5,Regular,0.029,Fruits and Vegetables,185.02,High,Tier 2,Supermarket Type1,39
12.4,Low Sugar,0.097,Frozen Foods,137.46,Medium,Tier 2,Supermarket Type2,17
12.4,Low Sugar,0.075,Canned,152.97,Medium,Tier 2,Supermarket Type2,17
13.69,Low Sugar,0.096,Frozen Foods,117.1,Medium,Tier 2,Supermarket Type2,17
12.72,Regular,0.169,Meat,123.16,Medium,Tier 2,Supermarket Type2,17
11.45,Low Sugar,0.071,Frozen Foods,131.66,Medium,Tier 2,Supermarket Type2,17
12.63,No Sugar,0.038,Household,129.35,Medium,Tier 2,Supermarket Type2,17
14.0,Low Sugar,0.061,Dairy,155.05,Medium,Tier 2,Supermarket Type2,17
9.68,Regular,0.013,Canned,71.53,Small,Tier 3,Food Mart,28
8.99,Regular,0.142,Snack Foods,165.8,Medium,Tier 2,Supermarket Type2,17
11.13,Low Sugar,0.065,Meat,123.74,Medium,Tier 2,Supermarket Type2,17
16.57,No Sugar,0.062,Health and Hygiene,214.52,Medium,Tier 1,Departmental Store,27
13.15,Low Sugar,0.033,Baking Goods,140.79,Medium,Tier 2,Supermarket Type2,17
14.78,Regular,0.011,Canned,204.99,Medium,Tier 1,Departmental Store,27
17.43,Regular,0.053,Fruits and Vegetables,161.75,Medium,Tier 1,Departmental Store,27
9.16,Low Sugar,0.049,Frozen Foods,110.5,Small,Tier 3,Food Mart,28
13.28,Low Sugar,0.089,Snack Foods,177.37,Medium,Tier 1,Departmental Store,27
16.2,Low Sugar,0.087,Meat,174.04,High,Tier 2,Supermarket Type1,39
10.76,Low Sugar,0.023,Snack Foods,130.29,Medium,Tier 2,Supermarket Type2,17
14.06,Low Sugar,0.086,Dairy,145.23,Medium,Tier 2,Supermarket Type2,17
14.04,Low Sugar,0.042,Dairy,147.35,Medium,Tier 2,Supermarket Type2,17
7.72,No Sugar,0.123,Household,127.19,Small,Tier 3,Food Mart,28
10.93,No Sugar,0.052,Household,116.4,High,Tier 2,Supermarket Type1,39
14.0,Low Sugar,0.235,Snack Foods,120.56,Medium,Tier 2,Supermarket Type2,17
12.58,Low Sugar,0.184,Fruits and Vegetables,166.09,Medium,Tier 2,Supermarket Type2,17
12.81,No Sugar,0.173,Health and Hygiene,104.38,Medium,Tier 2,Supermarket Type2,17
15.69,Low Sugar,0.024,Snack Foods,153.0,Medium,Tier 1,Departmental Store,27
10.41,Low Sugar,0.083,Baking Goods,143.89,Medium,Tier 2,Supermarket Type2,17
13.01,Low Sugar,0.026,Canned,117.67,Medium,Tier 2,Supermarket Type2,17
15.55,Low Sugar,0.038,Breakfast,212.47,Medium,Tier 1,Departmental Store,27
11.45,No Sugar,0.076,Health and Hygiene,135.71,Medium,Tier 2,Supermarket Type2,17
13.29,Low Sugar,0.121,Fruits and Vegetables,149.68,Medium,Tier 2,Supermarket Type2,17
13.54,Low Sugar,0.052,Snack Foods,117.42,Medium,Tier 2,Supermarket Type2,17
12.49,No Sugar,0.028,Health and Hygiene,151.92,Medium,Tier 2,Supermarket Type2,17
12.9,Regular,0.036,Fruits and Vegetables,163.28,Medium,Tier 2,Supermarket Type2,17
11.19,Regular,0.079,Fruits and Vegetables,89.77,Small,Tier 3,Food Mart,28
13.12,Low Sugar,0.061,Fruits and Vegetables,195.77,High,Tier 2,Supermarket Type1,39
12.74,Low Sugar,0.044,Dairy,126.42,Medium,Tier 2,Supermarket Type2,17
14.39,No Sugar,0.113,Health and Hygiene,155.48,High,Tier 2,Supermarket Type1,39
13.81,Low Sugar,0.016,Fruits and Vegetables,114.58,Medium,Tier 2,Supermarket Type2,17
12.19,No Sugar,0.079,Household,149.15,Medium,Tier 2,Supermarket Type2,17
12.64,Low Sugar,0.145,Baking Goods,167.38,Medium,Tier 2,Supermarket Type2,17
12.21,Low Sugar,0.061,Snack Foods,179.04,High,Tier 2,Supermarket Type1,39
14.44,Regular,0.144,Hard Drinks,134.95,Medium,Tier 2,Supermarket Type2,17
13.18,No Sugar,0.032,Health and Hygiene,119.1,Medium,Tier 2,Supermarket Type2,17
15.28,No Sugar,0.074,Household,165.12,Medium,Tier 1,Departmental Store,27
14.68,Low Sugar,0.15,Snack Foods,190.38,High,Tier 2,Supermarket Type1,39
13.18,reg,0.076,Frozen Foods,132.7,Medium,Tier 2,Supermarket Type2,17
14.04,Low Sugar,0.051,Snack Foods,164.05,High,Tier 2,Supermarket Type1,39
16.1,Regular,0.053,Meat,178.19,High,Tier 2,Supermarket Type1,39
16.85,Low Sugar,0.086,Frozen Foods,189.55,Medium,Tier 1,Departmental Store,27
12.58,Regular,0.006,Meat,182.69,High,Tier 2,Supermarket Type1,39
12.55,Low Sugar,0.021,Fruits and Vegetables,144.89,Medium,Tier 2,Supermarket Type2,17
10.29,No Sugar,0.041,Others,154.53,Medium,Tier 2,Supermarket Type2,17
14.62,Low Sugar,0.082,Soft Drinks,206.45,Medium,Tier 1,Departmental Store,27
14.69,No Sugar,0.061,Health and Hygiene,149.79,Medium,Tier 2,Supermarket Type2,17
11.4,No Sugar,0.049,Household,124.33,Medium,Tier 2,Supermarket Type2,17
8.98,Low Sugar,0.041,Meat,145.29,Medium,Tier 2,Supermarket Type2,17
14.47,Regular,0.138,Canned,197.48,High,Tier 2,Supermarket Type1,39
11.12,Low Sugar,0.184,Dairy,195.38,High,Tier 2,Supermarket Type1,39
10.83,No Sugar,0.073,Household,149.99,Medium,Tier 2,Supermarket Type2,17
10.01,Regular,0.038,Fruits and Vegetables,103.43,Small,Tier 3,Food Mart,28
10.27,Regular,0.126,Fruits and Vegetables,68.56,Small,Tier 3,Food Mart,28
7.97,Low Sugar,0.086,Fruits and Vegetables,100.48,Small,Tier 3,Food Mart,28
14.23,Low Sugar,0.045,Dairy,139.65,Medium,Tier 2,Supermarket Type2,17
10.74,No Sugar,0.011,Health and Hygiene,113.12,High,Tier 2,Supermarket Type1,39
15.01,Low Sugar,0.011,Starchy Foods,160.4,Medium,Tier 1,Departmental Store,27
15.45,No Sugar,0.029,Health and Hygiene,216.55,Medium,Tier 1,Departmental Store,27
10.18,Low Sugar,0.08,Snack Foods,139.93,Medium,Tier 2,Supermarket Type2,17
8.35,Low Sugar,0.01,Snack Foods,149.16,Medium,Tier 2,Supermarket Type2,17
9.74,Regular,0.065,Canned,183.82,Medium,Tier 2,Supermarket Type2,17
14.11,Low Sugar,0.035,Fruits and Vegetables,155.51,Medium,Tier 2,Supermarket Type2,17
14.77,Low Sugar,0.024,Fruits and Vegetables,137.65,Medium,Tier 2,Supermarket Type2,17
12.76,No Sugar,0.118,Household,132.28,Medium,Tier 2,Supermarket Type2,17
13.83,Low Sugar,0.022,Dairy,136.53,Medium,Tier 2,Supermarket Type2,17
13.64,No Sugar,0.006,Health and Hygiene,133.06,Medium,Tier 2,Supermarket Type2,17
10.4,Low Sugar,0.011,Canned,157.73,Medium,Tier 2,Supermarket Type2,17
8.47,Low Sugar,0.145,Frozen Foods,105.74,Small,Tier 3,Food Mart,28
10.62,Regular,0.123,Hard Drinks,94.13,Small,Tier 3,Food Mart,28
13.95,Low Sugar,0.034,Baking Goods,127.5,Medium,Tier 2,Supermarket Type2,17
11.7,Regular,0.007,Breakfast,98.39,Small,Tier 3,Food Mart,28
12.48,Low Sugar,0.143,Dairy,129.02,Medium,Tier 2,Supermarket Type2,17
12.54,Low Sugar,0.09,Hard Drinks,203.53,Small,Tier 3,Food Mart,28
13.12,Low Sugar,0.227,Snack Foods,128.71,Small,Tier 3,Food Mart,28
14.74,Low Sugar,0.098,Baking Goods,131.15,Medium,Tier 2,Supermarket Type2,17
14.16,Low Sugar,0.077,Snack Foods,179.68,Medium,Tier 1,Departmental Store,27
12.87,Low Sugar,0.021,Fruits and Vegetables,116.93,Medium,Tier 2,Supermarket Type2,17
10.61,Low Sugar,0.007,Fruits and Vegetables,146.33,Medium,Tier 2,Supermarket Type2,17
11.07,Low Sugar,0.027,Meat,142.87,Medium,Tier 2,Supermarket Type2,17
10.48,Low Sugar,0.006,Frozen Foods,131.54,Medium,Tier 2,Supermarket Type2,17
12.23,Low Sugar,0.081,Fruits and Vegetables,138.72,Medium,Tier 2,Supermarket Type2,17
11.28,Regular,0.026,Breakfast,116.28,Medium,Tier 2,Supermarket Type2,17
12.79,No Sugar,0.012,Health and Hygiene,154.5,Medium,Tier 2,Supermarket Type2,17
13.13,Regular,0.022,Dairy,138.97,Medium,Tier 2,Supermarket Type2,17
11.67,Low Sugar,0.068,Frozen Foods,195.86,Medium,Tier 1,Departmental Store,27
15.28,Low Sugar,0.029,Meat,151.04,High,Tier 2,Supermarket Type1,39
14.97,Low Sugar,0.032,Dairy,159.59,Medium,Tier 1,Departmental Store,27
15.34,Regular,0.041,Fruits and Vegetables,131.02,Medium,Tier 2,Supermarket Type2,17
7.35,Regular,0.013,Fruits and Vegetables,54.69,Small,Tier 3,Food Mart,28
13.53,Low Sugar,0.147,Canned,127.14,Medium,Tier 2,Supermarket Type2,17
16.21,Low Sugar,0.056,Snack Foods,129.8,Medium,Tier 2,Supermarket Type2,17
16.09,Low Sugar,0.054,Fruits and Vegetables,158.33,Medium,Tier 1,Departmental Store,27
17.55,reg,0.094,Starchy Foods,210.79,Medium,Tier 1,Departmental Store,27
12.59,Low Sugar,0.036,Soft Drinks,137.42,Medium,Tier 2,Supermarket Type2,17
13.17,Low Sugar,0.09,Canned,141.71,Medium,Tier 2,Supermarket Type2,17
14.41,Low Sugar,0.01,Snack Foods,142.55,Medium,Tier 2,Supermarket Type2,17
12.75,Low Sugar,0.186,Hard Drinks,128.06,Medium,Tier 2,Supermarket Type2,17
12.85,Low Sugar,0.022,Fruits and Vegetables,158.13,Medium,Tier 2,Supermarket Type2,17
12.12,Low Sugar,0.099,Canned,150.48,Medium,Tier 2,Supermarket Type2,17
13.5,Low Sugar,0.066,Fruits and Vegetables,125.21,Medium,Tier 2,Supermarket Type2,17
12.1,Low Sugar,0.112,Baking Goods,186.31,High,Tier 2,Supermarket Type1,39
14.35,Regular,0.051,Snack Foods,163.5,High,Tier 2,Supermarket Type1,39
11.29,Low Sugar,0.043,Breakfast,140.38,Medium,Tier 2,Supermarket Type2,17
14.17,Regular,0.036,Soft Drinks,126.16,Medium,Tier 2,Supermarket Type2,17
14.75,Regular,0.163,Snack Foods,197.84,High,Tier 2,Supermarket Type1,39
12.03,Low Sugar,0.053,Snack Foods,113.64,Medium,Tier 2,Supermarket Type2,17
15.94,Low Sugar,0.1,Soft Drinks,146.68,High,Tier 2,Supermarket Type1,39
15.06,Regular,0.118,Fruits and Vegetables,132.98,Medium,Tier 2,Supermarket Type2,17
11.44,Regular,0.097,Hard Drinks,126.14,Medium,Tier 2,Supermarket Type2,17
11.3,Low Sugar,0.115,Frozen Foods,80.32,Small,Tier 3,Food Mart,28
16.46,No Sugar,0.041,Health and Hygiene,121.88,Medium,Tier 2,Supermarket Type2,17
16.08,Low Sugar,0.06,Canned,190.71,Medium,Tier 1,Departmental Store,27
12.19,Low Sugar,0.032,Canned,155.23,Medium,Tier 2,Supermarket Type2,17
14.3,Regular,0.023,Dairy,168.49,Medium,Tier 1,Departmental Store,27
11.63,Low Sugar,0.142,Fruits and Vegetables,140.05,Medium,Tier 2,Supermarket Type2,17
13.75,No Sugar,0.033,Health and Hygiene,123.05,Medium,Tier 2,Supermarket Type2,17
11.69,Regular,0.143,Breads,75.71,Small,Tier 3,Food Mart,28
11.91,Low Sugar,0.132,Baking Goods,156.08,Medium,Tier 2,Supermarket Type2,17
12.61,Regular,0.058,Canned,96.67,High,Tier 2,Supermarket Type1,39
15.03,Low Sugar,0.11,Snack Foods,142.01,Medium,Tier 2,Supermarket Type2,17
12.09,Low Sugar,0.094,Snack Foods,163.37,Medium,Tier 2,Supermarket Type2,17
12.6,Low Sugar,0.03,Meat,160.34,Medium,Tier 2,Supermarket Type2,17
14.96,Low Sugar,0.142,Frozen Foods,123.24,Medium,Tier 2,Supermarket Type2,17
11.86,Low Sugar,0.024,Starchy Foods,154.57,Medium,Tier 2,Supermarket Type2,17
13.49,Low Sugar,0.017,Fruits and Vegetables,150.9,Medium,Tier 2,Supermarket Type2,17
12.38,Low Sugar,0.069,Fruits and Vegetables,111.05,Medium,Tier 2,Supermarket Type2,17
11.0,Regular,0.119,Baking Goods,127.96,Medium,Tier 2,Supermarket Type2,17
16.7,Low Sugar,0.039,Baking Goods,218.28,Medium,Tier 1,Departmental Store,27
11.41,Low Sugar,0.119,Snack Foods,144.12,Medium,Tier 2,Supermarket Type2,17
7.42,Low Sugar,0.044,Soft Drinks,75.01,Small,Tier 3,Food Mart,28
11.16,Low Sugar,0.024,Snack Foods,136.88,Medium,Tier 2,Supermarket Type2,17
15.32,Low Sugar,0.183,Baking Goods,196.69,Medium,Tier 1,Departmental Store,27
12.76,No Sugar,0.038,Health and Hygiene,150.68,Medium,Tier 2,Supermarket Type2,17
14.65,Low Sugar,0.019,Snack Foods,202.02,Medium,Tier 1,Departmental Store,27
12.92,Low Sugar,0.089,Fruits and Vegetables,91.38,High,Tier 2,Supermarket Type1,39
13.22,Low Sugar,0.023,Fruits and Vegetables,164.45,Medium,Tier 2,Supermarket Type2,17
12.89,Low Sugar,0.076,Baking Goods,164.5,Medium,Tier 2,Supermarket Type2,17
13.76,Low Sugar,0.035,Canned,156.96,Medium,Tier 2,Supermarket Type2,17
13.22,No Sugar,0.018,Others,142.85,Medium,Tier 2,Supermarket Type2,17
14.96,Low Sugar,0.076,Fruits and Vegetables,182.36,High,Tier 2,Supermarket Type1,39
10.85,Low Sugar,0.11,Fruits and Vegetables,107.21,Small,Tier 3,Food Mart,28
11.99,Low Sugar,0.114,Fruits and Vegetables,153.17,Medium,Tier 2,Supermarket Type2,17
12.72,No Sugar,0.09,Household,159.16,Medium,Tier 2,Supermarket Type2,17
13.57,Regular,0.089,Fruits and Vegetables,155.39,Medium,Tier 2,Supermarket Type2,17
11.71,Regular,0.026,Snack Foods,154.94,Medium,Tier 2,Supermarket Type2,17
11.93,No Sugar,0.142,Household,156.09,Medium,Tier 2,Supermarket Type2,17
15.94,Regular,0.042,Snack Foods,146.67,High,Tier 2,Supermarket Type1,39
13.07,Regular,0.015,Canned,179.76,Medium,Tier 1,Departmental Store,27
12.57,Regular,0.026,Frozen Foods,128.95,Medium,Tier 2,Supermarket Type2,17
11.08,Low Sugar,0.013,Canned,132.08,Medium,Tier 2,Supermarket Type2,17
12.7,Regular,0.034,Meat,178.53,High,Tier 2,Supermarket Type1,39
15.4,Low Sugar,0.058,Snack Foods,169.62,High,Tier 2,Supermarket Type1,39
13.74,Regular,0.098,Meat,164.13,High,Tier 2,Supermarket Type1,39
14.33,Low Sugar,0.016,Frozen Foods,174.91,Medium,Tier 1,Departmental Store,27
10.72,Low Sugar,0.157,Canned,136.7,Medium,Tier 2,Supermarket Type2,17
15.69,No Sugar,0.022,Health and Hygiene,179.95,High,Tier 2,Supermarket Type1,39
9.99,Low Sugar,0.291,Frozen Foods,154.53,Medium,Tier 2,Supermarket Type2,17
10.78,No Sugar,0.064,Household,66.05,Small,Tier 3,Food Mart,28
10.79,Low Sugar,0.14,Frozen Foods,102.78,Small,Tier 3,Food Mart,28
14.3,Low Sugar,0.028,Snack Foods,122.07,Medium,Tier 2,Supermarket Type2,17
14.57,Low Sugar,0.054,Snack Foods,143.73,Medium,Tier 2,Supermarket Type2,17
10.01,Low Sugar,0.084,Dairy,136.42,Medium,Tier 2,Supermarket Type2,17
9.78,No Sugar,0.042,Household,75.19,Small,Tier 3,Food Mart,28
14.46,Low Sugar,0.086,Frozen Foods,180.33,High,Tier 2,Supermarket Type1,39
8.81,Regular,0.123,Meat,142.88,Medium,Tier 2,Supermarket Type2,17
14.01,Low Sugar,0.054,Meat,151.25,Medium,Tier 2,Supermarket Type2,17
14.44,Low Sugar,0.025,Snack Foods,178.33,Medium,Tier 1,Departmental Store,27
11.02,Low Sugar,0.094,Canned,134.32,Medium,Tier 2,Supermarket Type2,17
12.81,No Sugar,0.067,Household,153.02,Medium,Tier 2,Supermarket Type2,17
17.45,No Sugar,0.097,Others,195.34,Medium,Tier 1,Departmental Store,27
11.75,Low Sugar,0.055,Fruits and Vegetables,180.2,Medium,Tier 2,Supermarket Type2,17
16.02,Regular,0.049,Snack Foods,177.08,High,Tier 2,Supermarket Type1,39
12.76,No Sugar,0.088,Household,124.54,Medium,Tier 2,Supermarket Type2,17
11.5,Low Sugar,0.181,Frozen Foods,134.89,Medium,Tier 2,Supermarket Type2,17
14.06,Low Sugar,0.154,Breads,136.44,Medium,Tier 2,Supermarket Type2,17
12.79,Low Sugar,0.052,Snack Foods,174.82,High,Tier 2,Supermarket Type1,39
10.86,No Sugar,0.151,Health and Hygiene,90.61,Small,Tier 3,Food Mart,28
9.71,Regular,0.178,Meat,99.69,Small,Tier 3,Food Mart,28
13.9,Regular,0.024,Dairy,177.0,Medium,Tier 1,Departmental Store,27
12.6,No Sugar,0.066,Household,173.8,Medium,Tier 2,Supermarket Type2,17
10.74,Low Sugar,0.018,Starchy Foods,136.63,Medium,Tier 2,Supermarket Type2,17
15.36,Low Sugar,0.081,Dairy,171.27,High,Tier 2,Supermarket Type1,39
15.91,Regular,0.071,Snack Foods,207.89,Medium,Tier 1,Departmental Store,27
12.93,Regular,0.015,Canned,156.76,Medium,Tier 2,Supermarket Type2,17
13.36,Regular,0.018,Baking Goods,123.99,Medium,Tier 2,Supermarket Type2,17
11.12,Regular,0.074,Meat,155.07,Small,Tier 3,Food Mart,28
10.0,Low Sugar,0.011,Canned,148.3,Medium,Tier 2,Supermarket Type2,17
9.87,Regular,0.049,Canned,141.7,Medium,Tier 2,Supermarket Type2,17
13.55,Low Sugar,0.026,Frozen Foods,201.53,High,Tier 2,Supermarket Type1,39
12.23,Low Sugar,0.019,Meat,133.93,Medium,Tier 2,Supermarket Type2,17
10.36,Regular,0.023,Baking Goods,184.87,Medium,Tier 2,Supermarket Type2,17
7.32,Low Sugar,0.09,Canned,110.03,Small,Tier 3,Food Mart,28
14.28,Regular,0.082,Baking Goods,134.29,Medium,Tier 2,Supermarket Type2,17
10.49,Low Sugar,0.055,Soft Drinks,84.61,Small,Tier 3,Food Mart,28
15.2,Low Sugar,0.062,Frozen Foods,155.22,High,Tier 2,Supermarket Type1,39
13.87,Low Sugar,0.045,Baking Goods,204.18,Medium,Tier 1,Departmental Store,27
12.29,Low Sugar,0.031,Fruits and Vegetables,126.11,Medium,Tier 2,Supermarket Type2,17
15.67,Low Sugar,0.038,Canned,168.16,High,Tier 2,Supermarket Type1,39
12.35,Regular,0.005,Canned,157.91,Medium,Tier 2,Supermarket Type2,17
10.89,Low Sugar,0.021,Canned,134.76,Medium,Tier 2,Supermarket Type2,17
14.08,Regular,0.089,Fruits and Vegetables,138.75,Medium,Tier 2,Supermarket Type2,17
15.69,Regular,0.007,Baking Goods,189.9,Medium,Tier 1,Departmental Store,27
14.59,Low Sugar,0.021,Baking Goods,170.9,Medium,Tier 1,Departmental Store,27
7.23,Low Sugar,0.067,Frozen Foods,103.66,Small,Tier 3,Food Mart,28
11.24,Low Sugar,0.128,Dairy,153.2,Medium,Tier 2,Supermarket Type2,17
9.92,Low Sugar,0.031,Snack Foods,107.68,Small,Tier 3,Food Mart,28
16.31,Regular,0.11,Breads,191.33,Medium,Tier 1,Departmental Store,27
10.69,Low Sugar,0.025,Frozen Foods,146.43,Medium,Tier 2,Supermarket Type2,17
11.18,Low Sugar,0.036,Baking Goods,124.9,Medium,Tier 2,Supermarket Type2,17
14.53,Low Sugar,0.056,Canned,142.43,Medium,Tier 2,Supermarket Type2,17
13.29,Low Sugar,0.017,Snack Foods,148.31,Medium,Tier 2,Supermarket Type2,17
11.17,Low Sugar,0.076,Canned,103.84,Small,Tier 3,Food Mart,28
11.37,Low Sugar,0.12,Fruits and Vegetables,106.48,High,Tier 2,Supermarket Type1,39
11.5,Low Sugar,0.03,Snack Foods,120.85,Medium,Tier 2,Supermarket Type2,17
11.73,No Sugar,0.004,Health and Hygiene,146.52,Medium,Tier 2,Supermarket Type2,17
13.6,Low Sugar,0.017,Fruits and Vegetables,159.2,Medium,Tier 2,Supermarket Type2,17
14.26,Regular,0.031,Soft Drinks,165.26,High,Tier 2,Supermarket Type1,39
14.96,Low Sugar,0.105,Fruits and Vegetables,167.64,Medium,Tier 1,Departmental Store,27
9.06,No Sugar,0.023,Household,142.99,Medium,Tier 2,Supermarket Type2,17
11.64,Low Sugar,0.056,Fruits and Vegetables,71.59,Small,Tier 3,Food Mart,28
11.46,Low Sugar,0.031,Baking Goods,203.87,Medium,Tier 1,Departmental Store,27
15.72,Regular,0.076,Snack Foods,178.39,High,Tier 2,Supermarket Type1,39
17.45,Low Sugar,0.105,Dairy,174.27,Medium,Tier 1,Departmental Store,27
10.77,Low Sugar,0.049,Fruits and Vegetables,169.27,Medium,Tier 1,Departmental Store,27
9.03,No Sugar,0.039,Health and Hygiene,168.43,Medium,Tier 2,Supermarket Type2,17
6.35,Low Sugar,0.042,Hard Drinks,99.53,Small,Tier 3,Food Mart,28
12.0,Regular,0.037,Canned,190.15,High,Tier 2,Supermarket Type1,39
12.02,Regular,0.148,Meat,100.09,Medium,Tier 1,Departmental Store,27
12.2,No Sugar,0.004,Household,157.39,Medium,Tier 2,Supermarket Type2,17
10.31,No Sugar,0.026,Health and Hygiene,117.43,High,Tier 2,Supermarket Type1,39
15.38,Low Sugar,0.171,Soft Drinks,162.4,Medium,Tier 1,Departmental Store,27
13.54,Low Sugar,0.031,Baking Goods,144.12,Medium,Tier 2,Supermarket Type2,17
9.3,Low Sugar,0.009,Frozen Foods,142.03,Medium,Tier 2,Supermarket Type2,17
13.75,Regular,0.034,Snack Foods,144.12,Medium,Tier 2,Supermarket Type2,17
13.35,Regular,0.055,Dairy,216.9,Medium,Tier 1,Departmental Store,27
14.15,Low Sugar,0.021,Breads,147.57,Medium,Tier 2,Supermarket Type2,17
12.84,Low Sugar,0.093,Snack Foods,128.06,Medium,Tier 2,Supermarket Type2,17
10.79,No Sugar,0.03,Household,149.41,Medium,Tier 2,Supermarket Type2,17
12.41,Regular,0.031,Fruits and Vegetables,165.23,Medium,Tier 1,Departmental Store,27
15.79,Regular,0.082,Starchy Foods,192.06,Medium,Tier 1,Departmental Store,27
13.87,Low Sugar,0.083,Snack Foods,166.67,High,Tier 2,Supermarket Type1,39
11.64,Low Sugar,0.046,Meat,185.7,High,Tier 2,Supermarket Type1,39
16.07,Low Sugar,0.03,Baking Goods,189.89,Medium,Tier 1,Departmental Store,27
16.01,Regular,0.085,Frozen Foods,163.0,High,Tier 2,Supermarket Type1,39
12.29,No Sugar,0.103,Household,136.06,Medium,Tier 2,Supermarket Type2,17
11.99,Regular,0.091,Breads,176.49,Medium,Tier 2,Supermarket Type2,17
11.4,Low Sugar,0.031,Dairy,143.26,Small,Tier 3,Food Mart,28
8.26,Low Sugar,0.014,Soft Drinks,62.9,Small,Tier 3,Food Mart,28
13.74,Low Sugar,0.085,Snack Foods,150.93,Medium,Tier 2,Supermarket Type2,17
15.0,No Sugar,0.097,Others,171.64,Medium,Tier 1,Departmental Store,27
12.87,Regular,0.035,Snack Foods,171.04,Medium,Tier 2,Supermarket Type2,17
14.99,Regular,0.014,Frozen Foods,174.24,High,Tier 2,Supermarket Type1,39
13.18,Regular,0.038,Fruits and Vegetables,145.44,Medium,Tier 2,Supermarket Type2,17
12.48,Low Sugar,0.034,Frozen Foods,144.21,Medium,Tier 2,Supermarket Type2,17
13.91,Low Sugar,0.018,Frozen Foods,131.94,Medium,Tier 2,Supermarket Type2,17
10.1,No Sugar,0.071,Health and Hygiene,86.91,High,Tier 2,Supermarket Type1,39
12.31,Low Sugar,0.168,Meat,170.72,Medium,Tier 2,Supermarket Type2,17
16.6,Low Sugar,0.116,Snack Foods,165.19,High,Tier 2,Supermarket Type1,39
11.67,Low Sugar,0.031,Snack Foods,180.88,Medium,Tier 2,Supermarket Type2,17
12.83,Regular,0.021,Snack Foods,127.2,Medium,Tier 2,Supermarket Type2,17
14.24,Regular,0.077,Fruits and Vegetables,190.09,High,Tier 2,Supermarket Type1,39
12.82,Low Sugar,0.026,Snack Foods,137.77,Medium,Tier 2,Supermarket Type2,17
14.54,Low Sugar,0.1,Meat,176.71,Medium,Tier 1,Departmental Store,27
10.43,Low Sugar,0.066,Fruits and Vegetables,129.28,Medium,Tier 2,Supermarket Type2,17
15.1,No Sugar,0.113,Others,201.12,Medium,Tier 1,Departmental Store,27
11.16,Low Sugar,0.129,Meat,97.84,Small,Tier 3,Food Mart,28
11.73,Low Sugar,0.161,Soft Drinks,122.44,Medium,Tier 2,Supermarket Type2,17
14.65,No Sugar,0.032,Household,226.69,Medium,Tier 1,Departmental Store,27
10.94,Low Sugar,0.014,Snack Foods,146.16,Medium,Tier 2,Supermarket Type2,17
13.29,Low Sugar,0.032,Snack Foods,152.63,Medium,Tier 2,Supermarket Type2,17
16.36,No Sugar,0.077,Health and Hygiene,186.49,Medium,Tier 1,Departmental Store,27
13.61,Low Sugar,0.026,Snack Foods,96.63,Medium,Tier 2,Supermarket Type2,17
13.71,No Sugar,0.031,Household,203.67,High,Tier 2,Supermarket Type1,39
10.43,Regular,0.047,Fruits and Vegetables,118.94,High,Tier 2,Supermarket Type1,39
14.24,Regular,0.159,Soft Drinks,152.65,Medium,Tier 2,Supermarket Type2,17
13.31,Low Sugar,0.041,Fruits and Vegetables,153.11,Medium,Tier 2,Supermarket Type2,17
11.67,Low Sugar,0.075,Frozen Foods,77.24,Small,Tier 3,Food Mart,28
12.19,No Sugar,0.09,Health and Hygiene,151.42,Medium,Tier 2,Supermarket Type2,17
10.46,Low Sugar,0.115,Starchy Foods,181.17,Medium,Tier 2,Supermarket Type2,17
16.36,Regular,0.068,Hard Drinks,186.26,Medium,Tier 1,Departmental Store,27
16.83,Regular,0.054,Snack Foods,187.96,Medium,Tier 1,Departmental Store,27
13.44,Regular,0.016,Dairy,158.08,Medium,Tier 2,Supermarket Type2,17
12.89,Low Sugar,0.034,Fruits and Vegetables,138.77,Medium,Tier 2,Supermarket Type2,17
10.99,Low Sugar,0.015,Dairy,135.33,Medium,Tier 2,Supermarket Type2,17
14.46,Low Sugar,0.149,Baking Goods,183.73,High,Tier 2,Supermarket Type1,39
15.26,Low Sugar,0.039,Canned,185.39,High,Tier 2,Supermarket Type1,39
11.55,Low Sugar,0.033,Frozen Foods,145.53,Medium,Tier 2,Supermarket Type2,17
9.71,Low Sugar,0.031,Fruits and Vegetables,140.87,Medium,Tier 2,Supermarket Type2,17
13.41,No Sugar,0.015,Household,132.67,Small,Tier 3,Food Mart,28
14.52,Low Sugar,0.039,Soft Drinks,184.85,High,Tier 2,Supermarket Type1,39
13.05,No Sugar,0.048,Household,117.79,Medium,Tier 2,Supermarket Type2,17
13.13,Regular,0.064,Fruits and Vegetables,142.72,Medium,Tier 2,Supermarket Type2,17
16.34,Regular,0.055,Canned,141.81,High,Tier 2,Supermarket Type1,39
13.67,Low Sugar,0.028,Breads,150.05,Medium,Tier 2,Supermarket Type2,17
9.25,Low Sugar,0.175,Dairy,100.47,Small,Tier 3,Food Mart,28
12.59,Low Sugar,0.039,Snack Foods,148.74,Medium,Tier 2,Supermarket Type2,17
10.23,Low Sugar,0.148,Canned,130.84,Medium,Tier 2,Supermarket Type2,17
16.42,No Sugar,0.086,Health and Hygiene,166.24,High,Tier 2,Supermarket Type1,39
14.59,Regular,0.026,Canned,149.84,Medium,Tier 2,Supermarket Type2,17
7.53,Low Sugar,0.188,Frozen Foods,77.56,Small,Tier 3,Food Mart,28
10.62,No Sugar,0.046,Household,148.78,Medium,Tier 2,Supermarket Type2,17
15.46,Regular,0.079,Snack Foods,161.23,Medium,Tier 1,Departmental Store,27
12.73,Regular,0.137,Meat,130.96,Medium,Tier 2,Supermarket Type2,17
10.56,Low Sugar,0.019,Breakfast,140.99,Medium,Tier 2,Supermarket Type2,17
13.47,Regular,0.104,Meat,165.38,High,Tier 2,Supermarket Type1,39
12.92,No Sugar,0.084,Health and Hygiene,135.47,Medium,Tier 2,Supermarket Type2,17
12.16,Regular,0.024,Dairy,123.09,Medium,Tier 2,Supermarket Type2,17
10.49,Regular,0.07,Baking Goods,93.99,Small,Tier 3,Food Mart,28
13.63,Low Sugar,0.063,Breads,161.04,Medium,Tier 2,Supermarket Type2,17
14.47,Low Sugar,0.038,Baking Goods,177.93,Medium,Tier 1,Departmental Store,27
13.73,Low Sugar,0.031,Frozen Foods,121.84,Medium,Tier 2,Supermarket Type2,17
8.11,Low Sugar,0.018,Frozen Foods,145.89,High,Tier 2,Supermarket Type1,39
14.86,Regular,0.025,Baking Goods,183.69,High,Tier 2,Supermarket Type1,39
16.43,Low Sugar,0.046,Frozen Foods,198.47,Medium,Tier 1,Departmental Store,27
12.66,No Sugar,0.055,Health and Hygiene,132.23,Medium,Tier 2,Supermarket Type2,17
13.25,Low Sugar,0.046,Breakfast,146.32,Medium,Tier 2,Supermarket Type2,17
14.26,Low Sugar,0.074,Canned,173.01,Medium,Tier 1,Departmental Store,27
11.05,Low Sugar,0.061,Dairy,131.85,Medium,Tier 2,Supermarket Type2,17
9.28,Low Sugar,0.136,Canned,138.34,Medium,Tier 2,Supermarket Type2,17
12.0,Regular,0.031,Fruits and Vegetables,127.38,Medium,Tier 2,Supermarket Type2,17
11.09,Low Sugar,0.006,Frozen Foods,140.83,Medium,Tier 2,Supermarket Type2,17
10.67,Regular,0.184,Snack Foods,104.53,Small,Tier 3,Food Mart,28
14.49,No Sugar,0.042,Household,194.46,High,Tier 2,Supermarket Type1,39
14.73,Regular,0.019,Soft Drinks,150.93,High,Tier 2,Supermarket Type1,39
12.96,Regular,0.049,Dairy,150.67,Medium,Tier 2,Supermarket Type2,17
16.8,reg,0.019,Snack Foods,192.77,Medium,Tier 1,Departmental Store,27
11.78,Low Sugar,0.017,Meat,160.95,Medium,Tier 2,Supermarket Type2,17
11.38,No Sugar,0.036,Household,142.53,Medium,Tier 2,Supermarket Type2,17
12.46,No Sugar,0.053,Health and Hygiene,145.98,Medium,Tier 2,Supermarket Type2,17
12.05,Low Sugar,0.042,Fruits and Vegetables,124.3,Medium,Tier 2,Supermarket Type2,17
10.05,Low Sugar,0.168,Soft Drinks,135.45,Medium,Tier 2,Supermarket Type2,17
11.31,Low Sugar,0.031,Soft Drinks,141.01,Medium,Tier 2,Supermarket Type2,17
15.75,Low Sugar,0.036,Snack Foods,173.64,High,Tier 2,Supermarket Type1,39
12.87,Regular,0.047,Canned,107.83,Medium,Tier 2,Supermarket Type2,17
11.15,Regular,0.032,Canned,101.23,Small,Tier 3,Food Mart,28
13.43,Low Sugar,0.081,Soft Drinks,231.07,Medium,Tier 1,Departmental Store,27
13.21,Low Sugar,0.034,Frozen Foods,202.99,Small,Tier 3,Food Mart,28
15.37,reg,0.015,Canned,213.79,Medium,Tier 1,Departmental Store,27
10.76,No Sugar,0.074,Household,121.79,Medium,Tier 2,Supermarket Type2,17
9.16,Low Sugar,0.037,Breads,145.82,Medium,Tier 2,Supermarket Type2,17
9.8,Low Sugar,0.084,Breads,155.16,Medium,Tier 2,Supermarket Type2,17
13.28,Regular,0.146,Meat,128.82,Medium,Tier 2,Supermarket Type2,17
10.85,Regular,0.061,Snack Foods,121.22,Medium,Tier 2,Supermarket Type2,17
13.87,Regular,0.122,Canned,167.69,High,Tier 2,Supermarket Type1,39
10.11,Regular,0.012,Canned,116.22,Small,Tier 3,Food Mart,28
11.64,Low Sugar,0.019,Dairy,153.69,Medium,Tier 2,Supermarket Type2,17
14.29,Low Sugar,0.033,Snack Foods,154.49,Medium,Tier 2,Supermarket Type2,17
15.73,Low Sugar,0.015,Dairy,191.55,Medium,Tier 1,Departmental Store,27
15.38,No Sugar,0.011,Household,186.3,High,Tier 2,Supermarket Type1,39
13.91,Regular,0.023,Snack Foods,198.1,High,Tier 2,Supermarket Type1,39
11.62,Low Sugar,0.031,Fruits and Vegetables,115.11,Medium,Tier 2,Supermarket Type2,17
9.02,Low Sugar,0.141,Snack Foods,132.09,High,Tier 2,Supermarket Type1,39
13.94,No Sugar,0.034,Health and Hygiene,128.21,Medium,Tier 2,Supermarket Type2,17
15.71,Regular,0.028,Dairy,200.26,Medium,Tier 1,Departmental Store,27
15.61,No Sugar,0.022,Health and Hygiene,187.8,Medium,Tier 1,Departmental Store,27
12.73,Regular,0.044,Fruits and Vegetables,241.21,Medium,Tier 1,Departmental Store,27
15.58,Regular,0.011,Dairy,148.03,High,Tier 2,Supermarket Type1,39
11.41,No Sugar,0.072,Health and Hygiene,134.6,Medium,Tier 2,Supermarket Type2,17
12.77,Low Sugar,0.068,Fruits and Vegetables,140.79,Medium,Tier 2,Supermarket Type2,17
14.83,Low Sugar,0.08,Fruits and Vegetables,176.77,High,Tier 2,Supermarket Type1,39
15.69,Regular,0.039,Frozen Foods,156.94,Medium,Tier 1,Departmental Store,27
12.48,Low Sugar,0.191,Snack Foods,118.01,Medium,Tier 2,Supermarket Type2,17
8.93,No Sugar,0.067,Health and Hygiene,129.01,Small,Tier 3,Food Mart,28
10.11,Low Sugar,0.048,Canned,111.89,Small,Tier 3,Food Mart,28
9.59,Low Sugar,0.034,Snack Foods,81.34,Small,Tier 3,Food Mart,28
14.92,Low Sugar,0.123,Meat,147.86,Medium,Tier 2,Supermarket Type2,17
13.07,Low Sugar,0.046,Canned,132.82,Medium,Tier 2,Supermarket Type2,17
14.1,Low Sugar,0.024,Baking Goods,98.22,Medium,Tier 2,Supermarket Type2,17
12.25,Low Sugar,0.059,Meat,130.87,Medium,Tier 2,Supermarket Type2,17
12.98,Low Sugar,0.048,Snack Foods,105.28,Medium,Tier 2,Supermarket Type2,17
15.04,Low Sugar,0.037,Frozen Foods,156.91,Small,Tier 3,Food Mart,28
15.37,Low Sugar,0.01,Fruits and Vegetables,151.68,High,Tier 2,Supermarket Type1,39
12.79,Low Sugar,0.036,Frozen Foods,162.67,Medium,Tier 2,Supermarket Type2,17
13.33,No Sugar,0.036,Health and Hygiene,126.83,Medium,Tier 2,Supermarket Type2,17
10.78,Regular,0.031,Snack Foods,149.71,Medium,Tier 2,Supermarket Type2,17
14.26,Low Sugar,0.039,Snack Foods,141.34,Medium,Tier 2,Supermarket Type2,17
16.93,Low Sugar,0.049,Fruits and Vegetables,204.8,Medium,Tier 1,Departmental Store,27
11.52,Regular,0.105,Canned,188.44,High,Tier 2,Supermarket Type1,39
10.66,Regular,0.039,Starchy Foods,108.82,Small,Tier 3,Food Mart,28
12.81,Low Sugar,0.071,Fruits and Vegetables,143.1,Medium,Tier 2,Supermarket Type2,17
12.94,Regular,0.019,Fruits and Vegetables,191.47,Medium,Tier 1,Departmental Store,27
14.16,Low Sugar,0.017,Dairy,182.85,High,Tier 2,Supermarket Type1,39
10.23,No Sugar,0.011,Health and Hygiene,111.45,Small,Tier 3,Food Mart,28
13.53,Low Sugar,0.167,Frozen Foods,171.25,High,Tier 2,Supermarket Type1,39
13.48,Regular,0.092,Snack Foods,107.02,Medium,Tier 2,Supermarket Type2,17
12.98,Regular,0.228,Fruits and Vegetables,171.48,High,Tier 2,Supermarket Type1,39
8.93,No Sugar,0.117,Household,178.62,Medium,Tier 2,Supermarket Type2,17
12.61,Regular,0.033,Soft Drinks,122.1,Medium,Tier 2,Supermarket Type2,17
9.49,Low Sugar,0.007,Snack Foods,110.12,Small,Tier 3,Food Mart,28
14.34,Low Sugar,0.026,Meat,177.46,Medium,Tier 1,Departmental Store,27
12.69,Regular,0.016,Canned,195.67,Medium,Tier 1,Departmental Store,27
13.85,Low Sugar,0.063,Snack Foods,168.23,High,Tier 2,Supermarket Type1,39
12.8,No Sugar,0.05,Household,135.56,Medium,Tier 2,Supermarket Type2,17
11.07,No Sugar,0.083,Health and Hygiene,118.21,Medium,Tier 2,Supermarket Type2,17
13.13,Low Sugar,0.089,Fruits and Vegetables,142.33,Medium,Tier 2,Supermarket Type2,17
15.47,Low Sugar,0.094,Fruits and Vegetables,152.2,High,Tier 2,Supermarket Type1,39
15.18,Regular,0.012,Snack Foods,162.05,Medium,Tier 1,Departmental Store,27
15.55,Regular,0.093,Snack Foods,168.69,High,Tier 2,Supermarket Type1,39
9.58,Low Sugar,0.133,Baking Goods,142.33,Medium,Tier 2,Supermarket Type2,17
13.52,Low Sugar,0.051,Snack Foods,176.34,Medium,Tier 1,Departmental Store,27
14.7,Low Sugar,0.031,Baking Goods,141.36,Medium,Tier 2,Supermarket Type2,17
11.78,Low Sugar,0.09,Snack Foods,112.53,Medium,Tier 2,Supermarket Type2,17
10.69,Regular,0.128,Baking Goods,177.35,Medium,Tier 2,Supermarket Type2,17
7.51,Low Sugar,0.021,Meat,125.42,Small,Tier 3,Food Mart,28
11.15,Low Sugar,0.031,Snack Foods,132.22,Medium,Tier 2,Supermarket Type2,17
16.37,Regular,0.046,Meat,102.86,Medium,Tier 2,Supermarket Type2,17
12.33,Low Sugar,0.058,Fruits and Vegetables,131.84,Medium,Tier 2,Supermarket Type2,17
14.37,No Sugar,0.049,Others,167.25,Medium,Tier 1,Departmental Store,27
9.7,Low Sugar,0.103,Dairy,116.87,Small,Tier 3,Food Mart,28
15.32,No Sugar,0.076,Health and Hygiene,165.34,Medium,Tier 1,Departmental Store,27
12.36,No Sugar,0.052,Health and Hygiene,131.79,Medium,Tier 2,Supermarket Type2,17
13.28,No Sugar,0.018,Household,142.71,Medium,Tier 2,Supermarket Type2,17
12.71,No Sugar,0.044,Health and Hygiene,139.48,Medium,Tier 2,Supermarket Type2,17
9.58,Low Sugar,0.03,Canned,131.72,High,Tier 2,Supermarket Type1,39
14.92,No Sugar,0.03,Health and Hygiene,188.95,High,Tier 2,Supermarket Type1,39
9.59,Regular,0.028,Breakfast,180.74,Medium,Tier 2,Supermarket Type2,17
11.43,Low Sugar,0.137,Snack Foods,124.91,Medium,Tier 2,Supermarket Type2,17
11.36,Low Sugar,0.03,Meat,117.89,Medium,Tier 2,Supermarket Type2,17
13.73,Regular,0.015,Frozen Foods,156.86,Medium,Tier 2,Supermarket Type2,17
10.34,No Sugar,0.022,Household,115.39,Small,Tier 3,Food Mart,28
12.41,Low Sugar,0.029,Frozen Foods,118.15,Medium,Tier 2,Supermarket Type2,17
15.77,No Sugar,0.009,Others,157.63,Medium,Tier 1,Departmental Store,27
10.44,Low Sugar,0.024,Canned,105.54,Small,Tier 3,Food Mart,28
10.59,Low Sugar,0.175,Baking Goods,145.88,Medium,Tier 2,Supermarket Type2,17
11.75,No Sugar,0.123,Household,163.78,Medium,Tier 2,Supermarket Type2,17
12.71,Low Sugar,0.089,Dairy,127.94,Medium,Tier 2,Supermarket Type2,17
12.47,Regular,0.009,Soft Drinks,141.94,Medium,Tier 2,Supermarket Type2,17
8.94,No Sugar,0.045,Health and Hygiene,143.01,Medium,Tier 2,Supermarket Type2,17
11.07,Low Sugar,0.089,Snack Foods,122.63,Medium,Tier 2,Supermarket Type2,17
15.42,Regular,0.047,Meat,150.21,Small,Tier 3,Food Mart,28
8.25,Low Sugar,0.108,Soft Drinks,113.37,Small,Tier 3,Food Mart,28
10.0,Regular,0.156,Canned,108.64,Small,Tier 3,Food Mart,28
12.14,Low Sugar,0.008,Baking Goods,124.43,Medium,Tier 2,Supermarket Type2,17
8.13,No Sugar,0.14,Health and Hygiene,82.6,Small,Tier 3,Food Mart,28
11.65,Regular,0.043,Meat,104.18,High,Tier 2,Supermarket Type1,39
12.37,Low Sugar,0.037,Baking Goods,120.81,Medium,Tier 2,Supermarket Type2,17
15.38,No Sugar,0.041,Household,168.62,High,Tier 2,Supermarket Type1,39
11.9,Low Sugar,0.086,Canned,125.64,Medium,Tier 2,Supermarket Type2,17
12.1,Low Sugar,0.021,Frozen Foods,177.22,Medium,Tier 2,Supermarket Type2,17
10.48,Low Sugar,0.04,Snack Foods,141.43,Medium,Tier 2,Supermarket Type2,17
7.76,Regular,0.191,Canned,147.19,High,Tier 2,Supermarket Type1,39
17.44,Low Sugar,0.016,Fruits and Vegetables,173.84,Medium,Tier 1,Departmental Store,27
13.28,Regular,0.141,Fruits and Vegetables,140.08,Medium,Tier 2,Supermarket Type2,17
11.02,Low Sugar,0.072,Fruits and Vegetables,124.03,Medium,Tier 2,Supermarket Type2,17
11.26,Regular,0.105,Fruits and Vegetables,154.4,Medium,Tier 2,Supermarket Type2,17
11.43,Low Sugar,0.021,Canned,123.46,Medium,Tier 2,Supermarket Type2,17
12.03,Regular,0.04,Baking Goods,131.83,Medium,Tier 2,Supermarket Type2,17
9.06,Low Sugar,0.077,Meat,110.33,Small,Tier 3,Food Mart,28
9.64,Low Sugar,0.09,Snack Foods,122.95,Small,Tier 3,Food Mart,28
10.93,Regular,0.171,Dairy,146.74,Medium,Tier 2,Supermarket Type2,17
8.42,Regular,0.043,Meat,107.89,High,Tier 2,Supermarket Type1,39
11.93,No Sugar,0.177,Health and Hygiene,143.47,Medium,Tier 2,Supermarket Type2,17
12.37,Low Sugar,0.048,Breads,146.7,Medium,Tier 2,Supermarket Type2,17
10.25,Low Sugar,0.038,Hard Drinks,161.4,Medium,Tier 2,Supermarket Type2,17
10.62,Regular,0.147,Snack Foods,123.71,Medium,Tier 2,Supermarket Type2,17
9.89,Low Sugar,0.038,Fruits and Vegetables,117.74,Small,Tier 3,Food Mart,28
14.17,Regular,0.026,Breakfast,169.74,Medium,Tier 1,Departmental Store,27
10.01,Low Sugar,0.062,Snack Foods,122.51,High,Tier 2,Supermarket Type1,39
15.95,Low Sugar,0.05,Fruits and Vegetables,197.42,Medium,Tier 1,Departmental Store,27
10.99,Low Sugar,0.057,Breakfast,145.0,Medium,Tier 2,Supermarket Type2,17
16.63,Regular,0.041,Frozen Foods,177.57,Medium,Tier 1,Departmental Store,27
16.96,Regular,0.174,Dairy,196.7,Medium,Tier 1,Departmental Store,27
14.94,No Sugar,0.233,Household,150.65,High,Tier 2,Supermarket Type1,39
15.75,Low Sugar,0.062,Snack Foods,210.8,Medium,Tier 1,Departmental Store,27
11.01,Low Sugar,0.03,Baking Goods,153.17,Medium,Tier 2,Supermarket Type2,17
12.46,No Sugar,0.021,Household,129.58,Medium,Tier 1,Departmental Store,27
13.57,Low Sugar,0.152,Frozen Foods,133.05,Medium,Tier 2,Supermarket Type2,17
10.06,Low Sugar,0.066,Snack Foods,138.78,Medium,Tier 2,Supermarket Type2,17
14.38,Low Sugar,0.046,Fruits and Vegetables,152.93,Medium,Tier 2,Supermarket Type2,17
13.41,Regular,0.086,Canned,138.12,Medium,Tier 2,Supermarket Type2,17
12.82,Low Sugar,0.097,Fruits and Vegetables,120.47,Medium,Tier 2,Supermarket Type2,17
14.28,No Sugar,0.042,Health and Hygiene,179.4,Medium,Tier 1,Departmental Store,27
12.84,Low Sugar,0.118,Fruits and Vegetables,114.47,Medium,Tier 2,Supermarket Type2,17
12.57,Low Sugar,0.111,Snack Foods,148.71,Medium,Tier 2,Supermarket Type2,17
12.87,reg,0.035,Seafood,181.65,Medium,Tier 1,Departmental Store,27
12.83,Low Sugar,0.095,Canned,159.77,Medium,Tier 2,Supermarket Type2,17
14.64,Low Sugar,0.021,Snack Foods,186.8,High,Tier 2,Supermarket Type1,39
11.57,Low Sugar,0.042,Frozen Foods,129.84,Medium,Tier 2,Supermarket Type2,17
13.68,Low Sugar,0.105,Soft Drinks,183.97,Medium,Tier 1,Departmental Store,27
11.61,Low Sugar,0.023,Dairy,164.4,Medium,Tier 2,Supermarket Type2,17
12.46,Low Sugar,0.049,Frozen Foods,135.85,Medium,Tier 2,Supermarket Type2,17
17.06,Low Sugar,0.081,Frozen Foods,207.19,Medium,Tier 1,Departmental Store,27
10.55,No Sugar,0.041,Household,181.19,Medium,Tier 2,Supermarket Type2,17
13.31,No Sugar,0.12,Others,132.37,Medium,Tier 2,Supermarket Type2,17
12.17,Low Sugar,0.025,Meat,108.29,Medium,Tier 2,Supermarket Type2,17
9.8,No Sugar,0.096,Household,111.52,Small,Tier 3,Food Mart,28
14.71,Low Sugar,0.024,Snack Foods,197.02,High,Tier 2,Supermarket Type1,39
11.33,Low Sugar,0.077,Fruits and Vegetables,190.77,High,Tier 2,Supermarket Type1,39
10.27,Low Sugar,0.27,Snack Foods,120.26,High,Tier 2,Supermarket Type1,39
14.64,Low Sugar,0.074,Snack Foods,200.85,High,Tier 2,Supermarket Type1,39
14.28,No Sugar,0.019,Household,133.7,Medium,Tier 2,Supermarket Type2,17
13.78,Low Sugar,0.081,Frozen Foods,124.38,Small,Tier 3,Food Mart,28
9.38,No Sugar,0.119,Household,97.46,Small,Tier 3,Food Mart,28
9.84,Regular,0.033,Frozen Foods,112.43,Small,Tier 3,Food Mart,28
14.62,Low Sugar,0.027,Dairy,184.18,High,Tier 2,Supermarket Type1,39
11.1,Regular,0.028,Frozen Foods,113.17,High,Tier 2,Supermarket Type1,39
11.49,Low Sugar,0.018,Dairy,144.37,Medium,Tier 2,Supermarket Type2,17
11.86,Low Sugar,0.14,Canned,122.12,Medium,Tier 2,Supermarket Type2,17
14.23,Low Sugar,0.046,Snack Foods,107.34,Medium,Tier 2,Supermarket Type2,17
14.54,reg,0.035,Fruits and Vegetables,186.44,High,Tier 2,Supermarket Type1,39
8.57,Low Sugar,0.04,Fruits and Vegetables,124.25,Medium,Tier 1,Departmental Store,27
14.18,Low Sugar,0.073,Meat,158.5,High,Tier 2,Supermarket Type1,39
14.18,Regular,0.069,Dairy,154.64,Medium,Tier 2,Supermarket Type2,17
10.31,Low Sugar,0.044,Fruits and Vegetables,146.34,Medium,Tier 2,Supermarket Type2,17
10.08,No Sugar,0.028,Household,104.89,Small,Tier 3,Food Mart,28
14.12,Low Sugar,0.042,Fruits and Vegetables,112.65,Medium,Tier 2,Supermarket Type2,17
12.88,No Sugar,0.017,Health and Hygiene,140.24,Medium,Tier 2,Supermarket Type2,17
14.57,Low Sugar,0.007,Dairy,204.56,Medium,Tier 1,Departmental Store,27
14.23,Low Sugar,0.128,Soft Drinks,160.44,High,Tier 2,Supermarket Type1,39
12.24,Low Sugar,0.031,Meat,146.86,Medium,Tier 2,Supermarket Type2,17
15.85,Low Sugar,0.038,Fruits and Vegetables,195.05,Medium,Tier 1,Departmental Store,27
9.07,Low Sugar,0.062,Snack Foods,123.23,Small,Tier 3,Food Mart,28
11.01,Regular,0.047,Canned,127.09,Medium,Tier 2,Supermarket Type2,17
10.93,Low Sugar,0.018,Soft Drinks,173.95,Medium,Tier 2,Supermarket Type2,17
13.02,No Sugar,0.09,Household,149.58,Medium,Tier 2,Supermarket Type2,17
17.17,Low Sugar,0.011,Snack Foods,181.7,Medium,Tier 1,Departmental Store,27
13.12,Low Sugar,0.097,Snack Foods,175.61,High,Tier 2,Supermarket Type1,39
13.8,Low Sugar,0.036,Meat,135.45,Medium,Tier 2,Supermarket Type2,17
13.09,Low Sugar,0.013,Starchy Foods,148.95,Medium,Tier 2,Supermarket Type2,17
14.23,Low Sugar,0.037,Snack Foods,199.32,High,Tier 2,Supermarket Type1,39
12.5,Regular,0.214,Snack Foods,128.47,Medium,Tier 2,Supermarket Type2,17
10.47,Low Sugar,0.007,Snack Foods,147.19,Medium,Tier 2,Supermarket Type2,17
14.33,Low Sugar,0.011,Snack Foods,128.64,Medium,Tier 2,Supermarket Type2,17
13.93,Regular,0.036,Frozen Foods,109.48,Medium,Tier 2,Supermarket Type2,17
11.71,Low Sugar,0.054,Canned,168.98,Medium,Tier 2,Supermarket Type2,17
16.27,Low Sugar,0.182,Fruits and Vegetables,137.71,High,Tier 2,Supermarket Type1,39
9.87,Low Sugar,0.048,Snack Foods,138.23,Medium,Tier 2,Supermarket Type2,17
11.72,Low Sugar,0.184,Canned,129.51,Medium,Tier 1,Departmental Store,27
7.9,Low Sugar,0.042,Fruits and Vegetables,94.85,Small,Tier 3,Food Mart,28
9.56,Low Sugar,0.145,Dairy,116.65,Small,Tier 3,Food Mart,28
10.85,Regular,0.039,Breakfast,142.8,Medium,Tier 2,Supermarket Type2,17
14.1,Low Sugar,0.038,Dairy,130.42,Medium,Tier 2,Supermarket Type2,17
17.97,Low Sugar,0.053,Snack Foods,204.5,High,Tier 2,Supermarket Type1,39
11.4,Low Sugar,0.014,Snack Foods,139.9,Medium,Tier 2,Supermarket Type2,17
11.18,Low Sugar,0.027,Soft Drinks,147.62,Medium,Tier 2,Supermarket Type2,17
13.74,Low Sugar,0.154,Hard Drinks,145.73,Medium,Tier 2,Supermarket Type2,17
10.17,Low Sugar,0.119,Soft Drinks,119.1,High,Tier 2,Supermarket Type1,39
14.01,Low Sugar,0.188,Fruits and Vegetables,150.06,Medium,Tier 2,Supermarket Type2,17
12.27,Low Sugar,0.071,Fruits and Vegetables,149.58,Medium,Tier 1,Departmental Store,27
14.31,Low Sugar,0.063,Baking Goods,123.68,Medium,Tier 2,Supermarket Type2,17
14.13,Low Sugar,0.031,Snack Foods,149.08,Medium,Tier 2,Supermarket Type2,17
14.37,Regular,0.149,Dairy,172.67,Medium,Tier 1,Departmental Store,27
9.17,Low Sugar,0.048,Meat,150.53,Medium,Tier 2,Supermarket Type2,17
12.77,Regular,0.017,Starchy Foods,151.44,Medium,Tier 2,Supermarket Type2,17
14.14,Regular,0.022,Snack Foods,161.25,High,Tier 2,Supermarket Type1,39
14.14,Low Sugar,0.021,Meat,218.27,Medium,Tier 1,Departmental Store,27
8.06,Regular,0.054,Snack Foods,155.33,Medium,Tier 2,Supermarket Type2,17
14.91,Regular,0.039,Breakfast,163.56,Medium,Tier 1,Departmental Store,27
12.13,Regular,0.099,Meat,188.2,High,Tier 2,Supermarket Type1,39
15.03,Regular,0.027,Starchy Foods,200.56,Medium,Tier 1,Departmental Store,27
12.92,Low Sugar,0.104,Soft Drinks,110.45,Medium,Tier 2,Supermarket Type2,17
11.64,Low Sugar,0.104,Fruits and Vegetables,112.77,Medium,Tier 1,Departmental Store,27
14.18,Regular,0.062,Dairy,162.52,High,Tier 2,Supermarket Type1,39
9.36,No Sugar,0.073,Health and Hygiene,113.66,Small,Tier 3,Food Mart,28
12.03,Low Sugar,0.128,Snack Foods,166.1,Medium,Tier 2,Supermarket Type2,17
13.75,Low Sugar,0.017,Snack Foods,154.64,Medium,Tier 2,Supermarket Type2,17
13.09,Low Sugar,0.027,Fruits and Vegetables,155.83,Medium,Tier 2,Supermarket Type2,17
16.31,No Sugar,0.048,Others,138.19,High,Tier 2,Supermarket Type1,39
11.67,Regular,0.12,Fruits and Vegetables,137.27,Medium,Tier 2,Supermarket Type2,17
10.8,Low Sugar,0.12,Seafood,68.36,Small,Tier 3,Food Mart,28
11.37,Low Sugar,0.04,Dairy,161.5,Medium,Tier 2,Supermarket Type2,17
10.11,Regular,0.064,Meat,133.31,Medium,Tier 2,Supermarket Type2,17
10.71,Low Sugar,0.135,Dairy,139.94,Medium,Tier 2,Supermarket Type2,17
12.7,Regular,0.021,Snack Foods,133.99,Medium,Tier 2,Supermarket Type2,17
12.65,Regular,0.064,Snack Foods,168.33,Medium,Tier 2,Supermarket Type2,17
14.61,No Sugar,0.019,Health and Hygiene,114.54,Medium,Tier 2,Supermarket Type2,17
12.07,Low Sugar,0.147,Canned,150.09,Medium,Tier 2,Supermarket Type2,17
17.03,Low Sugar,0.11,Dairy,134.98,Medium,Tier 1,Departmental Store,27
12.78,Regular,0.05,Baking Goods,167.99,Medium,Tier 2,Supermarket Type2,17
17.32,Regular,0.168,Meat,191.1,Medium,Tier 1,Departmental Store,27
11.49,Low Sugar,0.077,Frozen Foods,148.29,Medium,Tier 2,Supermarket Type2,17
16.01,Regular,0.032,Dairy,135.05,Medium,Tier 2,Supermarket Type2,17
15.76,Low Sugar,0.103,Baking Goods,188.46,Small,Tier 3,Food Mart,28
16.55,Low Sugar,0.043,Dairy,179.15,Medium,Tier 1,Departmental Store,27
11.98,Low Sugar,0.045,Fruits and Vegetables,90.94,Small,Tier 3,Food Mart,28
14.02,No Sugar,0.083,Household,156.44,Medium,Tier 2,Supermarket Type2,17
13.06,reg,0.034,Dairy,172.92,High,Tier 2,Supermarket Type1,39
8.13,Low Sugar,0.047,Snack Foods,161.05,Medium,Tier 2,Supermarket Type2,17
9.92,Regular,0.121,Dairy,138.47,Medium,Tier 2,Supermarket Type2,17
11.81,Low Sugar,0.039,Meat,144.64,Medium,Tier 2,Supermarket Type2,17
11.17,Low Sugar,0.035,Meat,107.26,High,Tier 2,Supermarket Type1,39
9.38,Regular,0.053,Fruits and Vegetables,118.33,Small,Tier 3,Food Mart,28
11.22,Low Sugar,0.128,Frozen Foods,175.64,Medium,Tier 2,Supermarket Type2,17
14.14,Low Sugar,0.06,Frozen Foods,146.62,Medium,Tier 2,Supermarket Type2,17
12.76,Regular,0.028,Fruits and Vegetables,141.51,Medium,Tier 2,Supermarket Type2,17
13.26,Regular,0.026,Soft Drinks,143.96,Medium,Tier 2,Supermarket Type2,17
14.14,Low Sugar,0.044,Meat,155.64,Medium,Tier 2,Supermarket Type2,17
11.51,Low Sugar,0.038,Fruits and Vegetables,143.04,Medium,Tier 2,Supermarket Type2,17
11.41,Regular,0.096,Dairy,150.57,Medium,Tier 2,Supermarket Type2,17
11.67,No Sugar,0.142,Others,137.1,Medium,Tier 2,Supermarket Type2,17
17.58,Low Sugar,0.033,Frozen Foods,169.66,Medium,Tier 1,Departmental Store,27
13.42,Regular,0.178,Baking Goods,169.58,High,Tier 2,Supermarket Type1,39
15.35,Low Sugar,0.064,Soft Drinks,177.53,High,Tier 2,Supermarket Type1,39
9.5,Low Sugar,0.021,Frozen Foods,126.12,High,Tier 2,Supermarket Type1,39
11.06,Regular,0.051,Snack Foods,106.69,Small,Tier 3,Food Mart,28
12.38,Low Sugar,0.087,Fruits and Vegetables,155.18,Medium,Tier 2,Supermarket Type2,17
7.21,Low Sugar,0.041,Snack Foods,142.57,Small,Tier 3,Food Mart,28
12.19,Low Sugar,0.119,Fruits and Vegetables,165.79,Medium,Tier 2,Supermarket Type2,17
10.71,Regular,0.176,Canned,160.48,Medium,Tier 2,Supermarket Type2,17
13.73,Regular,0.006,Snack Foods,108.52,Medium,Tier 2,Supermarket Type2,17
11.1,Regular,0.018,Meat,154.97,Medium,Tier 2,Supermarket Type2,17
14.17,Low Sugar,0.175,Frozen Foods,187.12,High,Tier 2,Supermarket Type1,39
8.58,No Sugar,0.086,Household,131.62,Small,Tier 3,Food Mart,28
12.81,Low Sugar,0.094,Snack Foods,118.6,Medium,Tier 2,Supermarket Type2,17
13.53,Low Sugar,0.018,Baking Goods,106.76,Medium,Tier 2,Supermarket Type2,17
13.98,Regular,0.044,Hard Drinks,179.23,Medium,Tier 1,Departmental Store,27
14.41,Regular,0.027,Starchy Foods,163.46,High,Tier 2,Supermarket Type1,39
12.75,No Sugar,0.042,Household,135.09,Medium,Tier 2,Supermarket Type2,17
9.92,No Sugar,0.035,Household,164.32,Medium,Tier 2,Supermarket Type2,17
13.6,Regular,0.052,Canned,199.99,High,Tier 2,Supermarket Type1,39
17.65,Regular,0.102,Meat,179.13,Medium,Tier 1,Departmental Store,27
12.38,Low Sugar,0.039,Dairy,153.98,Medium,Tier 2,Supermarket Type2,17
14.2,No Sugar,0.032,Household,122.57,Medium,Tier 2,Supermarket Type2,17
12.63,Low Sugar,0.086,Dairy,134.76,Medium,Tier 2,Supermarket Type2,17
12.02,Regular,0.015,Soft Drinks,140.6,Medium,Tier 2,Supermarket Type2,17
13.73,Low Sugar,0.04,Fruits and Vegetables,157.71,Medium,Tier 2,Supermarket Type2,17
15.64,No Sugar,0.049,Household,174.12,High,Tier 2,Supermarket Type1,39
12.71,Regular,0.058,Fruits and Vegetables,186.11,Medium,Tier 1,Departmental Store,27
14.66,Regular,0.015,Frozen Foods,189.89,High,Tier 2,Supermarket Type1,39
12.55,No Sugar,0.026,Household,191.88,Medium,Tier 1,Departmental Store,27
14.16,Low Sugar,0.053,Fruits and Vegetables,158.08,High,Tier 2,Supermarket Type1,39
10.75,Low Sugar,0.007,Snack Foods,89.33,Small,Tier 3,Food Mart,28
10.86,Low Sugar,0.038,Canned,91.06,Small,Tier 3,Food Mart,28
13.94,Low Sugar,0.073,Dairy,165.92,High,Tier 2,Supermarket Type1,39
11.25,Low Sugar,0.055,Snack Foods,169.97,Medium,Tier 2,Supermarket Type2,17
12.69,Low Sugar,0.086,Soft Drinks,147.16,Medium,Tier 2,Supermarket Type2,17
12.52,Low Sugar,0.016,Frozen Foods,136.45,Medium,Tier 2,Supermarket Type2,17
12.79,Low Sugar,0.036,Snack Foods,145.74,Medium,Tier 2,Supermarket Type2,17
15.39,Low Sugar,0.019,Snack Foods,153.95,Medium,Tier 1,Departmental Store,27
13.14,Low Sugar,0.14,Breads,154.86,Medium,Tier 2,Supermarket Type2,17
10.98,Low Sugar,0.04,Frozen Foods,132.87,Medium,Tier 2,Supermarket Type2,17
10.38,Regular,0.053,Snack Foods,114.61,Small,Tier 3,Food Mart,28
13.93,Low Sugar,0.058,Baking Goods,161.15,High,Tier 2,Supermarket Type1,39
9.92,Regular,0.012,Frozen Foods,157.86,Medium,Tier 2,Supermarket Type2,17
11.89,Regular,0.118,Fruits and Vegetables,166.17,Medium,Tier 2,Supermarket Type2,17
10.23,Low Sugar,0.152,Canned,124.63,High,Tier 2,Supermarket Type1,39
10.63,Low Sugar,0.061,Snack Foods,157.66,Medium,Tier 2,Supermarket Type2,17
9.81,Low Sugar,0.086,Snack Foods,94.37,Small,Tier 3,Food Mart,28
10.22,Low Sugar,0.077,Canned,129.55,Medium,Tier 2,Supermarket Type2,17
12.55,Low Sugar,0.084,Fruits and Vegetables,136.27,Medium,Tier 2,Supermarket Type2,17
12.5,Regular,0.216,Snack Foods,144.93,Medium,Tier 2,Supermarket Type2,17
13.72,Low Sugar,0.116,Dairy,149.44,Medium,Tier 2,Supermarket Type2,17
14.65,Low Sugar,0.055,Frozen Foods,150.66,Medium,Tier 2,Supermarket Type2,17
10.01,Low Sugar,0.123,Dairy,142.25,Medium,Tier 2,Supermarket Type2,17
11.52,Low Sugar,0.086,Snack Foods,146.28,Medium,Tier 2,Supermarket Type2,17
14.69,No Sugar,0.072,Household,138.5,Medium,Tier 2,Supermarket Type2,17
15.1,Low Sugar,0.067,Frozen Foods,122.59,Medium,Tier 2,Supermarket Type2,17
12.31,Low Sugar,0.05,Dairy,139.57,Medium,Tier 2,Supermarket Type2,17
13.13,No Sugar,0.131,Health and Hygiene,139.3,Medium,Tier 2,Supermarket Type2,17
17.02,Low Sugar,0.118,Dairy,198.9,Medium,Tier 1,Departmental Store,27
17.89,Low Sugar,0.048,Starchy Foods,181.87,Medium,Tier 1,Departmental Store,27
13.98,Low Sugar,0.039,Baking Goods,164.29,High,Tier 2,Supermarket Type1,39
10.91,Low Sugar,0.094,Fruits and Vegetables,136.29,Medium,Tier 2,Supermarket Type2,17
11.51,Low Sugar,0.021,Canned,97.62,Small,Tier 3,Food Mart,28
13.48,Low Sugar,0.175,Snack Foods,123.66,Medium,Tier 2,Supermarket Type2,17
9.76,Low Sugar,0.07,Snack Foods,153.64,Medium,Tier 2,Supermarket Type2,17
11.14,Low Sugar,0.038,Meat,120.31,Medium,Tier 2,Supermarket Type2,17
10.07,No Sugar,0.036,Household,123.41,High,Tier 2,Supermarket Type1,39
15.64,Low Sugar,0.054,Soft Drinks,146.74,High,Tier 2,Supermarket Type1,39
10.87,Regular,0.123,Canned,122.84,Medium,Tier 2,Supermarket Type2,17
14.88,Low Sugar,0.042,Frozen Foods,189.31,High,Tier 2,Supermarket Type1,39
8.79,Low Sugar,0.078,Baking Goods,132.61,Small,Tier 3,Food Mart,28
9.57,No Sugar,0.01,Health and Hygiene,123.67,Small,Tier 3,Food Mart,28
11.35,Regular,0.06,Frozen Foods,161.69,Medium,Tier 2,Supermarket Type2,17
15.21,reg,0.03,Meat,164.1,Medium,Tier 1,Departmental Store,27
9.33,Low Sugar,0.162,Meat,146.11,Medium,Tier 2,Supermarket Type2,17
15.92,Low Sugar,0.119,Fruits and Vegetables,171.7,High,Tier 2,Supermarket Type1,39
12.78,Regular,0.016,Fruits and Vegetables,119.09,Medium,Tier 2,Supermarket Type2,17
11.72,Low Sugar,0.01,Meat,116.1,Medium,Tier 2,Supermarket Type2,17
13.06,Low Sugar,0.023,Frozen Foods,159.64,Medium,Tier 2,Supermarket Type2,17
11.43,No Sugar,0.042,Household,179.39,Medium,Tier 2,Supermarket Type2,17
11.5,Regular,0.1,Starchy Foods,178.23,Medium,Tier 2,Supermarket Type2,17
10.1,Regular,0.045,Snack Foods,210.52,High,Tier 2,Supermarket Type1,39
11.13,No Sugar,0.22,Household,166.74,Medium,Tier 2,Supermarket Type2,17
12.61,Low Sugar,0.04,Baking Goods,169.83,Medium,Tier 2,Supermarket Type2,17
9.52,Low Sugar,0.072,Frozen Foods,110.05,Small,Tier 3,Food Mart,28
8.77,Low Sugar,0.164,Baking Goods,122.41,Small,Tier 3,Food Mart,28
15.76,Regular,0.121,Baking Goods,172.81,High,Tier 2,Supermarket Type1,39
12.43,Low Sugar,0.233,Soft Drinks,161.15,Medium,Tier 2,Supermarket Type2,17
12.35,Regular,0.046,Soft Drinks,137.03,Medium,Tier 2,Supermarket Type2,17
9.51,Low Sugar,0.024,Fruits and Vegetables,88.16,Small,Tier 3,Food Mart,28
9.33,Regular,0.018,Canned,139.2,Medium,Tier 2,Supermarket Type2,17
15.01,Regular,0.141,Breads,146.88,Medium,Tier 2,Supermarket Type2,17
12.94,Low Sugar,0.172,Starchy Foods,132.17,Medium,Tier 2,Supermarket Type2,17
13.1,Low Sugar,0.037,Snack Foods,142.85,Medium,Tier 2,Supermarket Type2,17
14.45,Low Sugar,0.058,Dairy,148.42,Medium,Tier 2,Supermarket Type2,17
12.73,No Sugar,0.137,Household,146.3,Medium,Tier 2,Supermarket Type2,17
11.79,Low Sugar,0.079,Frozen Foods,152.91,Medium,Tier 2,Supermarket Type2,17
15.17,No Sugar,0.149,Health and Hygiene,156.37,Medium,Tier 1,Departmental Store,27
10.47,Low Sugar,0.102,Fruits and Vegetables,167.98,Medium,Tier 2,Supermarket Type2,17
9.66,Low Sugar,0.108,Fruits and Vegetables,177.44,Medium,Tier 2,Supermarket Type2,17
9.17,Low Sugar,0.128,Snack Foods,93.75,Small,Tier 3,Food Mart,28
14.67,No Sugar,0.074,Health and Hygiene,149.81,Medium,Tier 2,Supermarket Type2,17
15.32,Low Sugar,0.078,Dairy,173.06,High,Tier 2,Supermarket Type1,39
12.54,Regular,0.02,Frozen Foods,137.17,Medium,Tier 2,Supermarket Type2,17
12.68,Regular,0.031,Meat,180.39,High,Tier 2,Supermarket Type1,39
13.89,Regular,0.036,Dairy,151.52,Small,Tier 3,Food Mart,28
16.06,Regular,0.07,Canned,184.56,Medium,Tier 1,Departmental Store,27
12.25,Low Sugar,0.073,Fruits and Vegetables,152.91,Medium,Tier 2,Supermarket Type2,17
14.12,Low Sugar,0.014,Dairy,191.81,High,Tier 2,Supermarket Type1,39
11.38,No Sugar,0.047,Household,98.6,Small,Tier 3,Food Mart,28
12.92,Low Sugar,0.083,Meat,180.95,Medium,Tier 1,Departmental Store,27
12.02,No Sugar,0.043,Others,142.68,Medium,Tier 2,Supermarket Type2,17
11.14,No Sugar,0.011,Household,127.18,Medium,Tier 2,Supermarket Type2,17
11.52,Low Sugar,0.132,Baking Goods,177.06,Medium,Tier 2,Supermarket Type2,17
14.45,Regular,0.037,Fruits and Vegetables,161.2,High,Tier 2,Supermarket Type1,39
13.34,Low Sugar,0.039,Frozen Foods,147.68,Medium,Tier 2,Supermarket Type2,17
11.29,Low Sugar,0.029,Meat,151.79,Medium,Tier 2,Supermarket Type2,17
11.22,No Sugar,0.233,Household,131.33,Medium,Tier 2,Supermarket Type2,17
15.09,No Sugar,0.098,Household,176.37,High,Tier 2,Supermarket Type1,39
7.55,Regular,0.054,Frozen Foods,106.1,Small,Tier 3,Food Mart,28
12.81,Low Sugar,0.053,Baking Goods,128.9,Small,Tier 3,Food Mart,28
17.24,Low Sugar,0.091,Snack Foods,104.03,Medium,Tier 2,Supermarket Type2,17
12.53,No Sugar,0.016,Health and Hygiene,134.65,Medium,Tier 2,Supermarket Type2,17
9.36,Regular,0.036,Baking Goods,117.28,Small,Tier 3,Food Mart,28
9.21,Low Sugar,0.113,Snack Foods,138.68,Medium,Tier 2,Supermarket Type2,17
14.23,Regular,0.151,Soft Drinks,134.07,Medium,Tier 2,Supermarket Type2,17
13.06,Low Sugar,0.052,Baking Goods,142.59,Medium,Tier 2,Supermarket Type2,17
11.47,Regular,0.115,Canned,109.47,High,Tier 2,Supermarket Type1,39
14.36,reg,0.024,Hard Drinks,160.21,High,Tier 2,Supermarket Type1,39
10.07,No Sugar,0.016,Household,136.53,Medium,Tier 2,Supermarket Type2,17
16.41,Low Sugar,0.064,Meat,191.07,Medium,Tier 1,Departmental Store,27
13.98,Low Sugar,0.067,Snack Foods,138.18,Medium,Tier 2,Supermarket Type2,17
11.65,Low Sugar,0.047,Baking Goods,132.02,Medium,Tier 2,Supermarket Type2,17
11.81,Low Sugar,0.061,Frozen Foods,113.34,Medium,Tier 2,Supermarket Type2,17
13.21,Low Sugar,0.034,Snack Foods,159.36,Medium,Tier 2,Supermarket Type2,17
13.87,Low Sugar,0.026,Snack Foods,116.22,Medium,Tier 2,Supermarket Type2,17
12.09,Low Sugar,0.025,Dairy,200.89,Medium,Tier 1,Departmental Store,27
11.26,No Sugar,0.019,Household,140.43,Medium,Tier 2,Supermarket Type2,17
14.67,Low Sugar,0.048,Frozen Foods,168.6,Medium,Tier 1,Departmental Store,27
15.47,Low Sugar,0.031,Dairy,160.95,Medium,Tier 1,Departmental Store,27
12.0,No Sugar,0.011,Household,120.82,Medium,Tier 2,Supermarket Type2,17
11.87,Low Sugar,0.031,Hard Drinks,124.59,Medium,Tier 2,Supermarket Type2,17
14.03,No Sugar,0.22,Household,161.49,High,Tier 2,Supermarket Type1,39
5.38,Low Sugar,0.071,Snack Foods,98.43,Small,Tier 3,Food Mart,28
10.51,Regular,0.036,Baking Goods,123.28,High,Tier 2,Supermarket Type1,39
10.29,Regular,0.171,Meat,103.21,Small,Tier 3,Food Mart,28
13.81,Low Sugar,0.056,Dairy,137.22,Medium,Tier 2,Supermarket Type2,17
11.14,Regular,0.114,Canned,140.55,Medium,Tier 2,Supermarket Type2,17
12.27,Low Sugar,0.073,Soft Drinks,144.98,Medium,Tier 2,Supermarket Type2,17
10.64,No Sugar,0.097,Household,130.78,Medium,Tier 2,Supermarket Type2,17
11.61,Regular,0.062,Soft Drinks,150.7,Medium,Tier 2,Supermarket Type2,17
10.47,Low Sugar,0.125,Soft Drinks,139.07,Medium,Tier 2,Supermarket Type2,17
9.08,Low Sugar,0.085,Baking Goods,150.86,Medium,Tier 2,Supermarket Type2,17
18.71,Low Sugar,0.026,Baking Goods,171.52,Medium,Tier 1,Departmental Store,27
13.01,No Sugar,0.082,Household,163.52,Medium,Tier 2,Supermarket Type2,17
13.77,Low Sugar,0.161,Baking Goods,109.65,Medium,Tier 2,Supermarket Type2,17
13.73,No Sugar,0.009,Household,205.17,Small,Tier 3,Food Mart,28
6.89,No Sugar,0.035,Household,117.48,Small,Tier 3,Food Mart,28
10.93,No Sugar,0.082,Household,109.82,High,Tier 2,Supermarket Type1,39
12.22,Regular,0.156,Frozen Foods,145.79,Medium,Tier 2,Supermarket Type2,17
12.96,No Sugar,0.011,Household,125.58,Medium,Tier 2,Supermarket Type2,17
13.34,Regular,0.022,Seafood,144.41,Medium,Tier 2,Supermarket Type2,17
11.61,Low Sugar,0.092,Fruits and Vegetables,106.19,High,Tier 2,Supermarket Type1,39
11.76,Regular,0.149,Hard Drinks,195.02,Medium,Tier 1,Departmental Store,27
16.29,Low Sugar,0.019,Baking Goods,207.55,Medium,Tier 1,Departmental Store,27
6.07,Low Sugar,0.054,Dairy,127.78,Small,Tier 3,Food Mart,28
14.74,Low Sugar,0.037,Snack Foods,129.17,Medium,Tier 2,Supermarket Type2,17
14.95,Low Sugar,0.168,Frozen Foods,139.2,Medium,Tier 2,Supermarket Type2,17
16.42,No Sugar,0.118,Household,177.08,Medium,Tier 1,Departmental Store,27
11.82,Low Sugar,0.189,Canned,160.05,Medium,Tier 2,Supermarket Type2,17
11.38,Low Sugar,0.066,Fruits and Vegetables,185.17,Medium,Tier 2,Supermarket Type2,17
11.97,Regular,0.081,Frozen Foods,133.78,Medium,Tier 2,Supermarket Type2,17
13.52,No Sugar,0.026,Household,112.97,Medium,Tier 2,Supermarket Type2,17
13.22,Low Sugar,0.016,Canned,148.09,Medium,Tier 2,Supermarket Type2,17
14.43,Low Sugar,0.031,Frozen Foods,193.59,High,Tier 2,Supermarket Type1,39
11.01,Regular,0.083,Breads,97.66,Small,Tier 3,Food Mart,28
10.92,Regular,0.036,Baking Goods,140.2,Medium,Tier 2,Supermarket Type2,17
14.33,Low Sugar,0.044,Meat,155.76,Medium,Tier 1,Departmental Store,27
15.21,Low Sugar,0.157,Dairy,162.53,Medium,Tier 1,Departmental Store,27
11.98,Low Sugar,0.093,Canned,153.94,Medium,Tier 2,Supermarket Type2,17
9.92,Low Sugar,0.118,Frozen Foods,136.49,Medium,Tier 2,Supermarket Type2,17
11.28,No Sugar,0.118,Household,167.68,Medium,Tier 2,Supermarket Type2,17
13.99,Low Sugar,0.033,Fruits and Vegetables,140.84,Medium,Tier 2,Supermarket Type2,17
9.87,No Sugar,0.02,Health and Hygiene,144.26,Medium,Tier 2,Supermarket Type2,17
9.54,Low Sugar,0.017,Canned,131.99,High,Tier 2,Supermarket Type1,39
16.79,Low Sugar,0.013,Snack Foods,111.26,Medium,Tier 2,Supermarket Type2,17
10.89,Low Sugar,0.085,Baking Goods,122.89,Medium,Tier 2,Supermarket Type2,17
15.52,Regular,0.014,Fruits and Vegetables,200.75,Medium,Tier 1,Departmental Store,27
10.56,Regular,0.039,Frozen Foods,153.37,Medium,Tier 2,Supermarket Type2,17
13.34,No Sugar,0.045,Household,195.56,High,Tier 2,Supermarket Type1,39
14.89,Low Sugar,0.056,Dairy,133.25,Medium,Tier 2,Supermarket Type2,17
13.63,Regular,0.058,Canned,133.01,Medium,Tier 2,Supermarket Type2,17
10.27,Regular,0.014,Frozen Foods,158.01,Medium,Tier 2,Supermarket Type2,17
14.71,Regular,0.038,Starchy Foods,152.32,High,Tier 2,Supermarket Type1,39
11.54,No Sugar,0.182,Health and Hygiene,135.38,Medium,Tier 2,Supermarket Type2,17
8.29,Low Sugar,0.022,Soft Drinks,101.45,Small,Tier 3,Food Mart,28
16.17,Regular,0.156,Canned,132.92,Medium,Tier 2,Supermarket Type2,17
12.4,Low Sugar,0.122,Dairy,106.15,Medium,Tier 2,Supermarket Type2,17
14.84,Low Sugar,0.015,Baking Goods,156.86,High,Tier 2,Supermarket Type1,39
10.57,No Sugar,0.047,Household,137.25,Medium,Tier 2,Supermarket Type2,17
11.81,Low Sugar,0.039,Canned,144.22,Medium,Tier 2,Supermarket Type2,17
15.78,Low Sugar,0.033,Dairy,180.1,High,Tier 2,Supermarket Type1,39
14.4,Low Sugar,0.041,Fruits and Vegetables,171.39,Medium,Tier 1,Departmental Store,27
14.58,Low Sugar,0.059,Meat,194.65,High,Tier 2,Supermarket Type1,39
9.03,Low Sugar,0.119,Dairy,123.07,Small,Tier 3,Food Mart,28
10.94,Low Sugar,0.074,Canned,157.78,Medium,Tier 2,Supermarket Type2,17
10.93,Low Sugar,0.097,Soft Drinks,143.63,Medium,Tier 2,Supermarket Type2,17
9.19,Low Sugar,0.023,Fruits and Vegetables,101.21,Small,Tier 3,Food Mart,28
11.26,Low Sugar,0.049,Canned,141.73,Medium,Tier 2,Supermarket Type2,17
13.21,Low Sugar,0.064,Snack Foods,118.47,Medium,Tier 2,Supermarket Type2,17
15.54,Regular,0.079,Soft Drinks,168.78,High,Tier 2,Supermarket Type1,39
11.92,Low Sugar,0.035,Baking Goods,164.91,Medium,Tier 2,Supermarket Type2,17
11.85,Regular,0.17,Baking Goods,130.09,Medium,Tier 2,Supermarket Type2,17
12.24,Low Sugar,0.062,Fruits and Vegetables,93.84,Small,Tier 3,Food Mart,28
14.07,Low Sugar,0.049,Fruits and Vegetables,123.85,Medium,Tier 2,Supermarket Type2,17
10.0,Low Sugar,0.058,Seafood,144.39,Medium,Tier 2,Supermarket Type2,17
18.36,Low Sugar,0.079,Dairy,172.49,Medium,Tier 1,Departmental Store,27
13.64,Low Sugar,0.154,Dairy,153.85,Medium,Tier 2,Supermarket Type2,17
12.29,Regular,0.013,Frozen Foods,135.46,Medium,Tier 2,Supermarket Type2,17
12.67,Low Sugar,0.036,Fruits and Vegetables,143.53,Medium,Tier 2,Supermarket Type2,17
12.5,Low Sugar,0.052,Baking Goods,170.81,Medium,Tier 2,Supermarket Type2,17
11.94,Low Sugar,0.026,Frozen Foods,127.11,Medium,Tier 2,Supermarket Type2,17
13.62,Low Sugar,0.061,Snack Foods,97.14,Medium,Tier 2,Supermarket Type2,17
14.53,Regular,0.02,Dairy,135.14,Medium,Tier 2,Supermarket Type2,17
11.14,Regular,0.1,Soft Drinks,107.07,Small,Tier 3,Food Mart,28
15.78,Regular,0.12,Dairy,143.1,High,Tier 2,Supermarket Type1,39
13.7,No Sugar,0.142,Household,105.59,Medium,Tier 2,Supermarket Type2,17
10.77,Low Sugar,0.057,Fruits and Vegetables,171.82,Medium,Tier 2,Supermarket Type2,17
12.15,Regular,0.025,Baking Goods,168.65,Medium,Tier 2,Supermarket Type2,17
15.33,Regular,0.287,Frozen Foods,164.42,Medium,Tier 1,Departmental Store,27
16.21,Regular,0.165,Baking Goods,174.07,High,Tier 2,Supermarket Type1,39
11.61,No Sugar,0.031,Health and Hygiene,119.07,Medium,Tier 2,Supermarket Type2,17
16.03,Low Sugar,0.086,Dairy,183.59,Medium,Tier 1,Departmental Store,27
13.14,No Sugar,0.037,Household,147.18,Medium,Tier 2,Supermarket Type2,17
11.52,Regular,0.042,Snack Foods,56.33,Small,Tier 3,Food Mart,28
14.72,Regular,0.016,Baking Goods,147.66,Medium,Tier 2,Supermarket Type2,17
9.83,Low Sugar,0.081,Snack Foods,154.0,Medium,Tier 1,Departmental Store,27
11.31,No Sugar,0.108,Household,150.22,Medium,Tier 2,Supermarket Type2,17
15.35,Low Sugar,0.016,Baking Goods,229.2,Medium,Tier 1,Departmental Store,27
9.71,Low Sugar,0.138,Dairy,130.06,Small,Tier 3,Food Mart,28
13.48,Low Sugar,0.01,Frozen Foods,143.92,Medium,Tier 2,Supermarket Type2,17
14.02,Low Sugar,0.021,Baking Goods,122.85,Medium,Tier 2,Supermarket Type2,17
15.09,Regular,0.133,Snack Foods,185.61,High,Tier 2,Supermarket Type1,39
14.94,Low Sugar,0.057,Fruits and Vegetables,181.81,High,Tier 2,Supermarket Type1,39
12.98,Low Sugar,0.044,Dairy,155.83,Medium,Tier 2,Supermarket Type2,17
8.74,Low Sugar,0.048,Dairy,136.24,High,Tier 2,Supermarket Type1,39
12.97,Low Sugar,0.05,Snack Foods,141.53,Medium,Tier 2,Supermarket Type2,17
13.81,Regular,0.149,Canned,222.71,Medium,Tier 1,Departmental Store,27
9.72,Regular,0.065,Seafood,107.11,Small,Tier 3,Food Mart,28
13.29,Regular,0.035,Canned,181.89,Medium,Tier 1,Departmental Store,27
10.08,No Sugar,0.006,Health and Hygiene,119.38,Medium,Tier 1,Departmental Store,27
12.43,Low Sugar,0.168,Baking Goods,144.04,Medium,Tier 2,Supermarket Type2,17
13.6,No Sugar,0.062,Household,141.87,Medium,Tier 2,Supermarket Type2,17
9.51,No Sugar,0.053,Household,126.58,High,Tier 2,Supermarket Type1,39
15.0,Regular,0.032,Soft Drinks,199.97,Medium,Tier 1,Departmental Store,27
11.47,reg,0.039,Dairy,88.58,Small,Tier 3,Food Mart,28
8.74,Regular,0.151,Breads,133.71,Small,Tier 3,Food Mart,28
8.95,Low Sugar,0.023,Frozen Foods,125.3,Small,Tier 3,Food Mart,28
16.63,Low Sugar,0.099,Breads,191.04,Medium,Tier 1,Departmental Store,27
6.85,Low Sugar,0.085,Canned,115.38,Small,Tier 3,Food Mart,28
14.77,Regular,0.156,Breads,185.6,High,Tier 2,Supermarket Type1,39
13.58,Regular,0.045,Snack Foods,147.02,Medium,Tier 2,Supermarket Type2,17
14.11,Regular,0.016,Fruits and Vegetables,153.37,Medium,Tier 2,Supermarket Type2,17
11.06,Regular,0.023,Fruits and Vegetables,124.69,Medium,Tier 2,Supermarket Type2,17
11.12,Low Sugar,0.069,Frozen Foods,121.96,Medium,Tier 2,Supermarket Type2,17
15.9,Low Sugar,0.114,Dairy,141.25,High,Tier 2,Supermarket Type1,39
12.18,Low Sugar,0.09,Frozen Foods,145.02,Medium,Tier 2,Supermarket Type2,17
13.21,Low Sugar,0.085,Snack Foods,164.47,Medium,Tier 2,Supermarket Type2,17
14.54,Low Sugar,0.13,Meat,167.58,Medium,Tier 1,Departmental Store,27
12.65,No Sugar,0.019,Health and Hygiene,190.83,Medium,Tier 1,Departmental Store,27
9.0,Low Sugar,0.073,Meat,99.65,Small,Tier 3,Food Mart,28
11.7,Low Sugar,0.025,Seafood,180.97,Medium,Tier 2,Supermarket Type2,17
15.17,No Sugar,0.076,Health and Hygiene,121.39,Medium,Tier 2,Supermarket Type2,17
16.85,reg,0.084,Dairy,197.25,Medium,Tier 1,Departmental Store,27
8.49,Low Sugar,0.21,Canned,114.39,Medium,Tier 1,Departmental Store,27
14.47,No Sugar,0.042,Household,145.07,Medium,Tier 2,Supermarket Type2,17
14.57,Low Sugar,0.018,Meat,179.19,High,Tier 2,Supermarket Type1,39
13.52,Low Sugar,0.044,Fruits and Vegetables,175.31,Medium,Tier 1,Departmental Store,27
13.46,Low Sugar,0.011,Fruits and Vegetables,142.12,Medium,Tier 2,Supermarket Type2,17
11.52,Low Sugar,0.042,Canned,157.58,Medium,Tier 2,Supermarket Type2,17
12.33,Low Sugar,0.185,Hard Drinks,159.15,Medium,Tier 2,Supermarket Type2,17
9.46,Regular,0.026,Frozen Foods,163.09,Medium,Tier 2,Supermarket Type2,17
10.98,Low Sugar,0.055,Meat,142.47,Medium,Tier 2,Supermarket Type2,17
14.95,Low Sugar,0.233,Canned,168.62,Medium,Tier 1,Departmental Store,27
10.15,Low Sugar,0.128,Starchy Foods,133.89,Medium,Tier 2,Supermarket Type2,17
13.45,Regular,0.087,Fruits and Vegetables,75.23,Small,Tier 3,Food Mart,28
14.84,Low Sugar,0.078,Dairy,133.89,Medium,Tier 2,Supermarket Type2,17
12.97,Regular,0.064,Snack Foods,177.78,High,Tier 2,Supermarket Type1,39
11.99,Low Sugar,0.012,Soft Drinks,157.85,Medium,Tier 2,Supermarket Type2,17
9.53,Regular,0.104,Meat,92.78,Small,Tier 3,Food Mart,28
11.62,Regular,0.015,Fruits and Vegetables,142.64,Medium,Tier 2,Supermarket Type2,17
10.86,Regular,0.1,Baking Goods,130.03,Medium,Tier 2,Supermarket Type2,17
10.96,Low Sugar,0.029,Meat,137.54,Medium,Tier 2,Supermarket Type2,17
10.92,Regular,0.012,Soft Drinks,152.98,Medium,Tier 2,Supermarket Type2,17
9.61,Low Sugar,0.014,Snack Foods,122.88,Small,Tier 3,Food Mart,28
19.09,Low Sugar,0.077,Fruits and Vegetables,181.58,Medium,Tier 1,Departmental Store,27
13.3,Regular,0.066,Canned,150.81,Medium,Tier 2,Supermarket Type2,17
11.95,No Sugar,0.086,Household,155.99,Medium,Tier 2,Supermarket Type2,17
12.49,Low Sugar,0.061,Fruits and Vegetables,119.85,Medium,Tier 2,Supermarket Type2,17
11.82,Regular,0.067,Meat,138.92,Medium,Tier 2,Supermarket Type2,17
12.98,Low Sugar,0.116,Snack Foods,165.88,Medium,Tier 2,Supermarket Type2,17
12.0,Low Sugar,0.048,Snack Foods,148.72,Medium,Tier 2,Supermarket Type2,17
10.93,Low Sugar,0.015,Baking Goods,145.11,Medium,Tier 2,Supermarket Type2,17
12.03,No Sugar,0.034,Health and Hygiene,177.25,Medium,Tier 2,Supermarket Type2,17
11.99,Regular,0.032,Meat,164.02,Medium,Tier 2,Supermarket Type2,17
14.99,Low Sugar,0.032,Fruits and Vegetables,191.47,High,Tier 2,Supermarket Type1,39
14.93,Low Sugar,0.086,Frozen Foods,127.68,Medium,Tier 2,Supermarket Type2,17
16.08,Regular,0.061,Baking Goods,218.76,Medium,Tier 1,Departmental Store,27
14.81,Low Sugar,0.013,Dairy,180.48,High,Tier 2,Supermarket Type1,39
11.41,Low Sugar,0.128,Fruits and Vegetables,165.99,Medium,Tier 2,Supermarket Type2,17
12.18,Regular,0.093,Snack Foods,116.95,Medium,Tier 2,Supermarket Type2,17
13.7,No Sugar,0.01,Health and Hygiene,177.8,Medium,Tier 1,Departmental Store,27
10.86,Regular,0.041,Baking Goods,95.23,Small,Tier 3,Food Mart,28
11.86,Low Sugar,0.027,Dairy,169.84,Medium,Tier 2,Supermarket Type2,17
10.91,Low Sugar,0.129,Fruits and Vegetables,120.67,Medium,Tier 2,Supermarket Type2,17
14.42,No Sugar,0.025,Health and Hygiene,153.71,Medium,Tier 2,Supermarket Type2,17
17.62,Regular,0.019,Canned,174.13,Medium,Tier 1,Departmental Store,27
12.67,Low Sugar,0.047,Snack Foods,118.07,Medium,Tier 2,Supermarket Type2,17
10.76,No Sugar,0.073,Household,115.85,High,Tier 2,Supermarket Type1,39
13.23,No Sugar,0.047,Household,170.95,High,Tier 2,Supermarket Type1,39
13.72,Low Sugar,0.051,Hard Drinks,144.15,Medium,Tier 2,Supermarket Type2,17
9.52,Low Sugar,0.092,Hard Drinks,172.9,Medium,Tier 2,Supermarket Type2,17
11.28,Low Sugar,0.025,Frozen Foods,120.09,Medium,Tier 2,Supermarket Type2,17
13.65,No Sugar,0.077,Household,187.98,High,Tier 2,Supermarket Type1,39
14.26,Low Sugar,0.072,Soft Drinks,174.91,Medium,Tier 1,Departmental Store,27
9.14,Regular,0.046,Dairy,93.58,Small,Tier 3,Food Mart,28
11.85,Regular,0.039,Meat,129.34,Medium,Tier 2,Supermarket Type2,17
13.07,Low Sugar,0.086,Snack Foods,139.77,Medium,Tier 2,Supermarket Type2,17
12.03,Regular,0.129,Snack Foods,100.64,High,Tier 2,Supermarket Type1,39
11.36,Low Sugar,0.047,Baking Goods,150.66,Medium,Tier 2,Supermarket Type2,17
12.97,No Sugar,0.034,Household,134.98,Medium,Tier 2,Supermarket Type2,17
12.02,Low Sugar,0.226,Fruits and Vegetables,125.31,Medium,Tier 2,Supermarket Type2,17
14.21,Low Sugar,0.021,Soft Drinks,219.86,Medium,Tier 1,Departmental Store,27
11.08,Low Sugar,0.066,Fruits and Vegetables,111.41,High,Tier 2,Supermarket Type1,39
13.37,No Sugar,0.156,Health and Hygiene,168.63,High,Tier 2,Supermarket Type1,39
8.42,Regular,0.041,Canned,106.32,Small,Tier 3,Food Mart,28
8.26,Regular,0.073,Baking Goods,125.38,Small,Tier 3,Food Mart,28
13.08,Low Sugar,0.109,Frozen Foods,129.29,Medium,Tier 2,Supermarket Type2,17
7.04,Regular,0.025,Starchy Foods,110.88,Small,Tier 3,Food Mart,28
12.82,Low Sugar,0.038,Frozen Foods,150.37,Medium,Tier 2,Supermarket Type2,17
12.54,Regular,0.066,Fruits and Vegetables,156.38,Medium,Tier 2,Supermarket Type2,17
15.75,Low Sugar,0.052,Snack Foods,153.4,Medium,Tier 1,Departmental Store,27
11.0,Low Sugar,0.107,Fruits and Vegetables,131.4,Medium,Tier 2,Supermarket Type2,17
16.55,Low Sugar,0.178,Snack Foods,200.9,Medium,Tier 1,Departmental Store,27
10.2,Regular,0.04,Meat,157.81,Medium,Tier 2,Supermarket Type2,17
11.67,Low Sugar,0.12,Soft Drinks,86.03,Small,Tier 3,Food Mart,28
12.61,Low Sugar,0.074,Frozen Foods,106.46,Medium,Tier 2,Supermarket Type2,17
16.39,Low Sugar,0.059,Starchy Foods,185.65,Medium,Tier 1,Departmental Store,27
8.98,Low Sugar,0.038,Canned,101.43,Small,Tier 3,Food Mart,28
11.76,Low Sugar,0.115,Snack Foods,146.13,Medium,Tier 2,Supermarket Type2,17
10.19,Low Sugar,0.021,Dairy,113.5,High,Tier 2,Supermarket Type1,39
15.44,Low Sugar,0.122,Fruits and Vegetables,154.64,Small,Tier 3,Food Mart,28
15.52,Low Sugar,0.017,Snack Foods,152.1,Medium,Tier 1,Departmental Store,27
11.69,Regular,0.098,Meat,144.09,Medium,Tier 2,Supermarket Type2,17
15.06,Regular,0.042,Snack Foods,186.81,High,Tier 2,Supermarket Type1,39
9.44,Low Sugar,0.038,Fruits and Vegetables,136.96,Medium,Tier 2,Supermarket Type2,17
13.86,Low Sugar,0.032,Snack Foods,149.76,Medium,Tier 2,Supermarket Type2,17
10.94,Low Sugar,0.129,Snack Foods,106.17,Small,Tier 3,Food Mart,28
13.48,Regular,0.042,Meat,187.97,Medium,Tier 1,Departmental Store,27
14.85,Low Sugar,0.04,Snack Foods,134.13,Medium,Tier 2,Supermarket Type2,17
13.34,Low Sugar,0.155,Frozen Foods,138.51,Medium,Tier 2,Supermarket Type2,17
10.98,No Sugar,0.133,Others,120.13,Medium,Tier 2,Supermarket Type2,17
11.27,No Sugar,0.09,Household,121.14,Medium,Tier 2,Supermarket Type2,17
11.48,No Sugar,0.025,Health and Hygiene,130.03,Medium,Tier 2,Supermarket Type2,17
12.09,Low Sugar,0.1,Baking Goods,140.01,Medium,Tier 2,Supermarket Type2,17
10.33,Low Sugar,0.076,Dairy,151.21,Medium,Tier 2,Supermarket Type2,17
13.56,Regular,0.137,Canned,188.63,High,Tier 2,Supermarket Type1,39
12.92,Regular,0.021,Soft Drinks,117.97,Medium,Tier 2,Supermarket Type2,17
8.86,Low Sugar,0.024,Canned,137.9,High,Tier 2,Supermarket Type1,39
11.43,Regular,0.031,Fruits and Vegetables,137.66,Medium,Tier 2,Supermarket Type2,17
14.53,Low Sugar,0.088,Baking Goods,171.17,Medium,Tier 1,Departmental Store,27
12.3,Low Sugar,0.06,Baking Goods,170.87,Medium,Tier 2,Supermarket Type2,17
12.44,Regular,0.112,Fruits and Vegetables,153.52,Medium,Tier 2,Supermarket Type2,17
9.72,No Sugar,0.022,Household,112.11,Small,Tier 3,Food Mart,28
10.0,Low Sugar,0.123,Fruits and Vegetables,92.43,Small,Tier 3,Food Mart,28
13.52,No Sugar,0.092,Household,190.15,High,Tier 2,Supermarket Type1,39
10.5,Low Sugar,0.018,Dairy,109.36,Small,Tier 3,Food Mart,28
12.1,No Sugar,0.017,Household,115.8,Medium,Tier 2,Supermarket Type2,17
11.43,Regular,0.053,Breads,161.36,Medium,Tier 2,Supermarket Type2,17
14.24,Low Sugar,0.157,Fruits and Vegetables,133.74,Medium,Tier 2,Supermarket Type2,17
14.17,Low Sugar,0.016,Seafood,210.21,Medium,Tier 1,Departmental Store,27
9.09,Low Sugar,0.081,Soft Drinks,82.27,Small,Tier 3,Food Mart,28
15.16,No Sugar,0.112,Others,150.81,High,Tier 2,Supermarket Type1,39
13.15,Regular,0.009,Snack Foods,138.92,Medium,Tier 2,Supermarket Type2,17
13.32,Low Sugar,0.092,Fruits and Vegetables,129.5,Medium,Tier 2,Supermarket Type2,17
11.25,Low Sugar,0.033,Fruits and Vegetables,140.87,Medium,Tier 2,Supermarket Type2,17
12.15,Low Sugar,0.043,Breads,146.37,Medium,Tier 2,Supermarket Type2,17
11.47,Regular,0.066,Snack Foods,134.31,Medium,Tier 2,Supermarket Type2,17
14.46,Low Sugar,0.044,Dairy,159.0,High,Tier 2,Supermarket Type1,39
13.84,Low Sugar,0.012,Baking Goods,100.79,Medium,Tier 2,Supermarket Type2,17
13.03,Regular,0.026,Fruits and Vegetables,160.57,Medium,Tier 2,Supermarket Type2,17
13.76,Low Sugar,0.063,Dairy,143.02,Medium,Tier 2,Supermarket Type2,17
13.94,Low Sugar,0.036,Starchy Foods,121.2,Medium,Tier 2,Supermarket Type2,17
17.03,Low Sugar,0.03,Snack Foods,148.95,Medium,Tier 1,Departmental Store,27
14.54,No Sugar,0.017,Health and Hygiene,169.96,Medium,Tier 1,Departmental Store,27
12.55,Low Sugar,0.025,Soft Drinks,138.27,Medium,Tier 2,Supermarket Type2,17
10.16,Low Sugar,0.109,Dairy,124.5,High,Tier 2,Supermarket Type1,39
12.9,Regular,0.046,Snack Foods,167.89,Medium,Tier 2,Supermarket Type2,17
14.1,Low Sugar,0.029,Snack Foods,156.16,Medium,Tier 2,Supermarket Type2,17
13.36,No Sugar,0.022,Others,104.11,Medium,Tier 2,Supermarket Type2,17
9.99,No Sugar,0.016,Household,112.69,Small,Tier 3,Food Mart,28
13.39,Regular,0.047,Snack Foods,117.96,Medium,Tier 2,Supermarket Type2,17
12.6,Low Sugar,0.03,Dairy,142.58,Medium,Tier 2,Supermarket Type2,17
10.9,No Sugar,0.067,Household,178.42,Medium,Tier 2,Supermarket Type2,17
13.11,Low Sugar,0.191,Starchy Foods,159.36,Medium,Tier 2,Supermarket Type2,17
